-0.0198 0.0295 0.0637 -0.2795 0.5000 -0.5295 0.2453 0.2795 -0.7892 1.0000 -0.7892 0.2795 0.2453 -0.5295 0.5000 -0.2795 0.0637 0.0295 -0.0198 0.0000 
-0.0193 -0.0321 0.2055 -0.4323 0.5332 -0.3483 -0.1179 0.6589 -0.9801 0.8927 -0.4436 -0.1151 0.4949 -0.5539 0.3620 -0.1140 -0.0291 0.0407 -0.0018 -0.0198 
0.0163 -0.1456 0.3585 -0.5103 0.4207 -0.0320 -0.5101 0.9218 -0.9625 0.6002 -0.0365 -0.4274 0.5865 -0.4464 0.1822 0.0129 -0.0615 0.0201 0.0147 -0.0018 
0.1027 -0.2868 0.4665 -0.4619 0.1622 0.3525 -0.8292 0.9943 -0.7397 0.2015 0.3276 -0.5914 0.5250 -0.2650 0.0222 0.0754 -0.0463 -0.0074 0.0147 0.0147 
0.2413 -0.4060 0.4737 -0.2671 -0.1959 0.7089 -0.9865 0.8533 -0.3707 -0.1989 0.5643 -0.5895 0.3574 -0.0777 -0.0766 0.0758 -0.0102 -0.0222 0.0029 0.0147 
0.4105 -0.4400 0.3479 0.0502 -0.5690 0.9400 -0.9341 0.5339 0.0472 -0.5029 0.6323 -0.4522 0.1525 0.0601 -0.1028 0.0378 0.0207 -0.0189 -0.0088 0.0029 
0.5653 -0.3340 0.0981 0.4247 -0.8576 0.9778 -0.6813 0.1198 0.4078 -0.6467 0.5415 -0.2434 -0.0228 0.1211 -0.0726 -0.0077 0.0314 -0.0042 -0.0123 -0.0088 
0.6456 -0.0674 -0.2205 0.7670 -0.9760 0.8057 -0.2921 -0.2821 0.6281 -0.6168 0.3448 -0.0366 -0.1250 0.1096 -0.0176 -0.0363 0.0214 0.0102 -0.0069 -0.0123 
0.5933 0.3284 -0.5197 0.9899 -0.8790 0.4665 0.1334 -0.5734 0.6702 -0.4495 0.1169 0.1094 -0.1430 0.0536 0.0299 -0.0384 0.0013 0.0157 0.0021 -0.0069 
0.3743 0.7670 -0.7058 1.0361 -0.5772 0.0505 0.4901 -0.6927 0.5498 -0.2146 -0.0711 0.1665 -0.0965 -0.0104 0.0501 -0.0195 -0.0155 0.0107 0.0084 0.0021 
-0.0041 1.1249 -0.7136 0.8947 -0.1352 -0.3297 0.6988 -0.6302 0.3262 0.0095 -0.1736 0.1413 -0.0224 -0.0523 0.0404 0.0058 -0.0204 0.0002 0.0084 0.0084 
-0.4844 1.2765 -0.5329 0.6035 0.3450 -0.5734 0.7294 -0.4259 0.0807 0.1618 -0.1810 0.0666 0.0414 -0.0590 0.0123 0.0230 -0.0129 -0.0089 0.0033 0.0084 
-0.9670 1.1364 -0.2178 0.2340 0.7515 -0.6212 0.6062 -0.1529 -0.1104 0.2152 -0.1158 -0.0152 0.0707 -0.0358 -0.0162 0.0247 0.0006 -0.0114 -0.0031 0.0033 
-1.3331 0.6943 0.1280 -0.1324 0.9907 -0.4733 0.3960 0.1093 -0.1983 0.1806 -0.0199 -0.0687 0.0611 -0.0001 -0.0308 0.0128 0.0118 -0.0069 -0.0068 -0.0031 
-1.4779 0.0295 0.3852 -0.4300 1.0106 -0.1886 0.1820 0.2991 -0.1723 0.0975 0.0649 -0.0771 0.0262 0.0289 -0.0268 -0.0040 0.0148 0.0010 -0.0060 -0.0068 
-1.3430 -0.7040 0.4613 -0.6250 0.8108 0.1326 0.0334 0.3881 -0.0576 0.0162 0.1120 -0.0446 -0.0118 0.0390 -0.0092 -0.0160 0.0091 0.0073 -0.0018 -0.0060 
-0.9386 -1.3177 0.3255 -0.7177 0.4398 0.3797 -0.0184 0.3830 0.0978 -0.0217 0.1178 0.0102 -0.0324 0.0298 0.0112 -0.0173 -0.0008 0.0087 0.0030 -0.0018 
-0.3462 -1.6444 0.0230 -0.7321 -0.0192 0.4653 0.0112 0.3139 0.2410 0.0027 0.0989 0.0651 -0.0255 0.0111 0.0245 -0.0083 -0.0087 0.0051 0.0055 0.0030 
0.3008 -1.5905 -0.3380 -0.6976 -0.4685 0.3517 0.0687 0.2156 0.3302 0.0808 0.0816 0.1049 0.0068 -0.0029 0.0266 0.0057 -0.0101 -0.0006 0.0047 0.0055 
0.8524 -1.1676 -0.6236 -0.6327 -0.8176 0.0635 0.0863 0.1120 0.3432 0.1816 0.0878 0.1267 0.0538 -0.0003 0.0212 0.0181 -0.0042 -0.0048 0.0016 0.0047 
1.1841 -0.4913 -0.7212 -0.5380 -1.0005 -0.3196 0.0112 0.0072 0.2780 0.2635 0.1239 0.1378 0.1021 0.0232 0.0171 0.0254 0.0063 -0.0044 -0.0015 0.0016 
1.2319 0.2524 -0.5812 -0.4009 -0.9873 -0.6855 -0.1694 -0.1095 0.1472 0.2884 0.1769 0.1491 0.1421 0.0639 0.0237 0.0287 0.0177 0.0012 -0.0022 -0.0015 
1.0087 0.8639 -0.2359 -0.2093 -0.7876 -0.9228 -0.4190 -0.2507 -0.0291 0.2330 0.2182 0.1657 0.1698 0.1122 0.0465 0.0336 0.0279 0.0105 0.0009 -0.0022 
0.5978 1.1903 0.2103 0.0326 -0.4476 -0.9539 -0.6611 -0.4153 -0.2280 0.0950 0.2144 0.1812 0.1854 0.1571 0.0843 0.0467 0.0374 0.0219 0.0076 0.0009 
0.1258 1.1697 0.6167 0.2955 -0.0396 -0.7581 -0.8049 -0.5781 -0.4244 -0.1064 0.1404 0.1775 0.1879 0.1890 0.1297 0.0720 0.0499 0.0344 0.0172 0.0076 
-0.2771 0.8451 0.8551 0.5273 0.3523 -0.3790 -0.7783 -0.6918 -0.5900 -0.3354 -0.0098 0.1317 0.1718 0.2007 0.1716 0.1084 0.0693 0.0490 0.0289 0.0172 
-0.5151 0.3448 0.8539 0.6687 0.6496 0.0886 -0.5575 -0.7025 -0.6925 -0.5464 -0.2178 0.0266 0.1260 0.1864 0.1975 0.1489 0.0974 0.0680 0.0431 0.0289 
-0.5514 -0.1635 0.6214 0.6747 0.7955 0.5251 -0.1800 -0.5716 -0.6995 -0.6926 -0.4432 -0.1385 0.0383 0.1404 0.1967 0.1820 0.1314 0.0930 0.0609 0.0431 
-0.4129 -0.5289 0.2411 0.5345 0.7681 0.8212 0.2631 -0.2974 -0.5879 -0.7349 -0.6326 -0.3419 -0.0973 0.0571 0.1609 0.1945 0.1635 0.1231 0.0833 0.0609 
-0.1746 -0.6626 -0.1601 0.2801 0.5851 0.9085 0.6536 0.0746 -0.3554 -0.6504 -0.7331 -0.5411 -0.2721 -0.0660 0.0853 0.1747 0.1820 0.1536 0.1098 0.0833 
0.0700 -0.5602 -0.4566 -0.0203 0.2998 0.7779 0.8841 0.4593 -0.0306 -0.4397 -0.7063 -0.6828 -0.4590 -0.2232 -0.0304 0.1145 0.1740 0.1754 0.1370 0.1098 
0.2407 -0.2934 -0.5668 -0.2824 -0.0124 0.4800 0.8928 0.7555 0.3265 -0.1311 -0.5405 -0.7173 -0.6152 -0.3961 -0.1795 0.0119 0.1288 0.1770 0.1581 0.1370 
0.2948 0.0226 -0.4776 -0.4342 -0.2732 0.1076 0.6835 0.8784 0.6354 0.2206 -0.2561 -0.6152 -0.6920 -0.5524 -0.3461 -0.1272 0.0410 0.1466 0.1638 0.1581 
0.2357 0.2730 -0.2438 -0.4393 -0.4228 -0.2332 0.3248 0.7897 0.8163 0.5430 0.0954 -0.3789 -0.6502 -0.6508 -0.5037 -0.2881 -0.0865 0.0759 0.1439 0.1638 
0.1046 0.3824 0.0370 -0.3091 -0.4348 -0.4550 -0.0735 0.5135 0.8159 0.7621 0.4415 -0.0465 -0.4747 -0.6516 -0.6173 -0.4467 -0.2414 -0.0365 0.0903 0.1439 
-0.0390 0.3358 0.2620 -0.0978 -0.3227 -0.5126 -0.3959 0.1308 0.6280 0.8216 0.7047 0.3146 -0.1848 -0.5301 -0.6499 -0.5717 -0.4011 -0.1829 -0.0005 0.0903 
-0.1412 0.1753 0.3602 0.1179 -0.1335 -0.4131 -0.5581 -0.2456 0.3004 0.7020 0.8218 0.6235 0.1667 -0.2890 -0.5736 -0.6290 -0.5356 -0.3454 -0.1241 -0.0005 
-0.1719 -0.0222 0.3141 0.2659 0.0675 -0.2084 -0.5316 -0.5083 -0.0768 0.4300 0.7622 0.8063 0.5033 0.0358 -0.3804 -0.5905 -0.6112 -0.4964 -0.2675 -0.1241 
-0.1319 -0.1778 0.1602 0.3036 0.2181 0.0248 -0.3487 -0.5895 -0.3974 0.0750 0.5385 0.8168 0.7448 0.3796 -0.0906 -0.4428 -0.5979 -0.6029 -0.4091 -0.2675 
-0.0483 -0.2398 -0.0302 0.2305 0.2777 0.2112 -0.0871 -0.4826 -0.5732 -0.2681 0.2064 0.6509 0.8298 0.6635 0.2459 -0.1965 -0.4788 -0.6323 -0.5208 -0.4091 
0.0395 -0.1993 -0.1811 0.0849 0.2386 0.2999 0.1598 -0.2408 -0.5628 -0.5068 -0.1487 0.3497 0.7341 0.8154 0.5586 0.1116 -0.2572 -0.5606 -0.5734 -0.5208 
0.0969 -0.0876 -0.2410 -0.0723 0.1256 0.2778 0.3148 0.0436 -0.3849 -0.5798 -0.4340 -0.0098 0.4806 0.7919 0.7734 0.4219 0.0379 -0.3812 -0.5429 -0.5734 
0.1062 0.0410 -0.1993 -0.1826 -0.0148 0.1689 0.3406 0.2737 -0.1102 -0.4768 -0.5764 -0.3350 0.1345 0.5937 0.8331 0.6649 0.3536 -0.1107 -0.4180 -0.5429 
0.0713 0.1336 -0.0858 -0.2103 -0.1315 0.0220 0.2479 0.3806 0.1644 -0.2417 -0.5444 -0.5433 -0.2134 0.2679 0.7166 0.7795 0.6228 0.2094 -0.2061 -0.4180 
0.0129 0.1585 0.0456 -0.1547 -0.1872 -0.1085 0.0856 0.3445 0.3495 0.0416 -0.3585 -0.5867 -0.4726 -0.1021 0.4475 0.7319 0.7795 0.5182 0.0643 -0.2061 
-0.0419 0.1154 0.1405 -0.0461 -0.1695 -0.1808 -0.0806 0.1969 0.3937 0.2787 -0.0840 -0.4650 -0.5785 -0.4200 0.0911 0.5280 0.7783 0.7478 0.3458 0.0643 
-0.0713 0.0316 0.1656 0.0677 -0.0933 -0.1788 -0.1926 0.0038 0.2988 0.3962 0.1891 -0.2259 -0.5119 -0.6038 -0.2625 0.2161 0.6096 0.8399 0.5814 0.3458 
-0.0670 -0.0531 0.1194 0.1419 0.0071 -0.1136 -0.2195 -0.1614 0.1149 0.3658 0.3766 0.0505 -0.3043 -0.6098 -0.5236 -0.1244 0.3072 0.7637 0.7166 0.5814 
-0.0357 -0.1034 0.0294 0.1518 0.0920 -0.0169 -0.1644 -0.2448 -0.0819 0.2118 0.4265 0.2775 -0.0275 -0.4457 -0.6288 -0.4050 -0.0569 0.5274 0.7152 0.7166 
0.0055 -0.1028 -0.0624 0.1006 0.1314 0.0723 -0.0585 -0.2292 -0.2189 -0.0007 0.3353 0.3897 0.2286 -0.1678 -0.5599 -0.5533 -0.3902 0.1808 0.5705 0.7152 
0.0377 -0.0582 -0.1177 0.0152 0.1155 0.1227 0.0535 -0.1358 -0.2535 -0.1915 0.1463 0.3632 0.3854 0.1367 -0.3483 -0.5358 -0.6053 -0.1945 0.3106 0.5705 
0.0481 0.0061 -0.1179 -0.0664 0.0567 0.1202 0.1314 -0.0110 -0.1855 -0.2950 -0.0680 0.2218 0.3998 0.3763 -0.0649 -0.3682 -0.6460 -0.5058 -0.0057 0.3106 
0.0349 0.0601 -0.0690 -0.1117 -0.0172 0.0712 0.1531 0.0937 -0.0535 -0.2825 -0.2331 0.0262 0.2773 0.4841 0.2029 -0.1102 -0.5057 -0.6744 -0.3027 -0.0057 
0.0065 0.0816 0.0030 -0.1065 -0.0747 -0.0018 0.1198 0.1421 0.0842 -0.1700 -0.2990 -0.1494 0.0685 0.4370 0.3785 0.1532 -0.2303 -0.6595 -0.5078 -0.3027 
-0.0227 0.0647 0.0653 -0.0592 -0.0935 -0.0698 0.0521 0.1250 0.1731 -0.0076 -0.2558 -0.2441 -0.1498 0.2611 0.4195 0.3400 0.0944 -0.4708 -0.5718 -0.5078 
-0.0398 0.0205 0.0932 0.0050 -0.0687 -0.1085 -0.0206 0.0600 0.1833 0.1417 -0.1338 -0.2317 -0.3015 0.0212 0.3286 0.3969 0.3694 -0.1670 -0.4834 -0.5718 
-0.0379 -0.0296 0.0793 0.0559 -0.0135 -0.1065 -0.0719 -0.0187 0.1180 0.2263 0.0118 -0.1284 -0.3373 -0.2022 0.1498 0.3160 0.5132 0.1609 -0.2736 -0.4834 
-0.0193 -0.0638 0.0350 0.0721 0.0469 -0.0678 -0.0878 -0.0760 0.0089 0.2245 0.1243 0.0165 -0.2512 -0.3400 -0.0491 0.1360 0.4879 0.4172 -0.0066 -0.2736 
0.0075 -0.0700 -0.0160 0.0491 0.0867 -0.0095 -0.0701 -0.0897 -0.0988 0.1482 0.1673 0.1412 -0.0804 -0.3564 -0.2008 -0.0738 0.3109 0.5304 0.2390 -0.0066 
0.0313 -0.0491 -0.0498 0.0008 0.0893 0.0463 -0.0333 -0.0576 -0.1648 0.0347 0.1365 0.1960 0.1100 -0.2580 -0.2614 -0.2378 0.0473 0.4756 0.3937 0.2390 
0.0438 -0.0135 -0.0528 -0.0484 0.0543 0.0811 0.0031 0.0030 -0.1685 -0.0708 0.0575 0.1626 0.2511 -0.0890 -0.2228 -0.3018 -0.2117 0.2803 0.4183 0.3937 
0.0426 0.0197 -0.0270 -0.0745 -0.0037 0.0860 0.0229 0.0648 -0.1142 -0.1333 -0.0276 0.0592 0.2957 0.0875 -0.1127 -0.2503 -0.3812 0.0150 0.3150 0.4183 
0.0312 0.0374 0.0122 -0.0644 -0.0616 0.0644 0.0198 0.1014 -0.0263 -0.1398 -0.0804 -0.0684 0.2340 0.2121 0.0194 -0.1107 -0.4102 -0.2313 0.1251 0.3150 
0.0165 0.0357 0.0440 -0.0213 -0.0974 0.0289 -0.0014 0.0980 0.0616 -0.1003 -0.0815 -0.1665 0.0947 0.2495 0.1220 0.0592 -0.2980 -0.3809 -0.0854 0.1251 
0.0052 0.0208 0.0521 0.0372 -0.0991 -0.0046 -0.0274 0.0559 0.1205 -0.0402 -0.0372 -0.1957 -0.0673 0.1984 0.1610 0.1940 -0.0928 -0.3923 -0.2479 -0.0854 
0.0001 0.0050 0.0323 0.0876 -0.0684 -0.0241 -0.0424 -0.0092 0.1352 0.0132 0.0258 -0.1459 -0.1929 0.0881 0.1304 0.2452 0.1281 -0.2728 -0.3143 -0.2479 
-0.0008 -0.0004 -0.0063 0.1102 -0.0188 -0.0259 -0.0359 -0.0735 0.1076 0.0419 0.0738 -0.0393 -0.2406 -0.0352 0.0522 0.1989 0.2861 -0.0729 -0.2710 -0.3143 
-0.0026 0.0094 -0.0460 0.0973 0.0309 -0.0150 -0.0066 -0.1141 0.0532 0.0427 0.0826 0.0801 -0.2001 -0.1266 -0.0357 0.0790 0.3297 0.1328 -0.1420 -0.2710 
-0.0105 0.0297 -0.0687 0.0553 0.0648 -0.0018 0.0364 -0.1174 -0.0069 0.0260 0.0473 0.1649 -0.0939 -0.1590 -0.0959 -0.0636 0.2516 0.2731 0.0218 -0.1420 
-0.0262 0.0489 -0.0641 0.0006 0.0756 0.0036 0.0768 -0.0827 -0.0536 0.0076 -0.0156 0.1833 0.0336 -0.1306 -0.1067 -0.1722 0.0889 0.3046 0.1614 0.0218 
-0.0468 0.0540 -0.0342 -0.0474 0.0661 -0.0029 0.0978 -0.0218 -0.0761 0.0002 -0.0769 0.1311 0.1349 -0.0616 -0.0694 -0.2066 -0.0928 0.2254 0.2307 0.1614 
-0.0649 0.0368 0.0084 -0.0749 0.0458 -0.0179 0.0889 0.0453 -0.0729 0.0073 -0.1080 0.0318 0.1767 0.0157 -0.0057 -0.1580 -0.2255 0.0732 0.2120 0.2307 
-0.0720 -0.0015 0.0461 -0.0782 0.0251 -0.0316 0.0504 0.0978 -0.0503 0.0230 -0.0935 -0.0740 0.1508 0.0716 0.0535 -0.0506 -0.2636 -0.0910 0.1199 0.2120 
-0.0617 -0.0503 0.0640 -0.0631 0.0098 -0.0335 -0.0062 0.1204 -0.0184 0.0355 -0.0379 -0.1454 0.0746 0.0896 0.0820 0.0693 -0.2003 -0.2066 -0.0060 0.1199 
-0.0330 -0.0932 0.0562 -0.0409 -0.0007 -0.0180 -0.0622 0.1078 0.0132 0.0347 0.0366 -0.1570 -0.0179 0.0706 0.0696 0.1532 -0.0674 -0.2355 -0.1172 -0.0060 
0.0086 -0.1147 0.0271 -0.0217 -0.0120 0.0116 -0.0981 0.0656 0.0374 0.0175 0.1001 -0.1079 -0.0910 0.0299 0.0251 0.1697 0.0792 -0.1748 -0.1746 -0.1172 
0.0527 -0.1058 -0.0106 -0.0102 -0.0293 0.0433 -0.1018 0.0080 0.0507 -0.0103 0.1271 -0.0202 -0.1202 -0.0116 -0.0285 0.1167 0.1825 -0.0551 -0.1622 -0.1746 
0.0873 -0.0672 -0.0423 -0.0043 -0.0532 0.0617 -0.0729 -0.0475 0.0522 -0.0367 0.1076 0.0709 -0.1004 -0.0369 -0.0656 0.0202 0.2062 0.0734 -0.0912 -0.1622 
0.1026 -0.0093 -0.0571 0.0019 -0.0770 0.0549 -0.0230 -0.0857 0.0427 -0.0492 0.0500 0.1314 -0.0448 -0.0390 -0.0693 -0.0776 0.1478 0.1611 0.0064 -0.0912 
0.0941 0.0518 -0.0517 0.0133 -0.0890 0.0205 0.0288 -0.0979 0.0241 -0.0413 -0.0227 0.1414 0.0220 -0.0219 -0.0387 -0.1362 0.0371 0.1786 0.0913 0.0064 
0.0638 0.0997 -0.0301 0.0304 -0.0781 -0.0313 0.0631 -0.0841 -0.0009 -0.0156 -0.0826 0.1011 0.0743 0.0028 0.0114 -0.1335 -0.0777 0.1257 0.1326 0.0913 
0.0193 0.1227 -0.0013 0.0478 -0.0400 -0.0811 0.0678 -0.0521 -0.0284 0.0167 -0.1084 0.0290 0.0952 0.0228 0.0580 -0.0741 -0.1503 0.0298 0.1189 0.1326 
-0.0284 0.1160 0.0255 0.0569 0.0187 -0.1076 0.0432 -0.0136 -0.0530 0.0408 -0.0934 -0.0466 0.0811 0.0303 0.0806 0.0147 -0.1547 -0.0672 0.0611 0.1189 
-0.0682 0.0828 0.0438 0.0508 0.0810 -0.0965 0.0012 0.0197 -0.0689 0.0445 -0.0472 -0.0991 0.0409 0.0247 0.0697 0.0945 -0.0941 -0.1265 -0.0136 0.0611 
-0.0911 0.0320 0.0509 0.0284 0.1257 -0.0475 -0.0396 0.0399 -0.0707 0.0242 0.0090 -0.1132 -0.0087 0.0109 0.0313 0.1331 0.0022 -0.1274 -0.0739 -0.0136 
-0.0927 -0.0244 0.0476 -0.0041 0.1351 0.0248 -0.0611 0.0451 -0.0559 -0.0133 0.0517 -0.0892 -0.0506 -0.0037 -0.0172 0.1170 0.0925 -0.0743 -0.0967 -0.0739 
-0.0729 -0.0742 0.0357 -0.0351 0.1032 0.0954 -0.0538 0.0385 -0.0260 -0.0529 0.0646 -0.0412 -0.0731 -0.0140 -0.0553 0.0558 0.1406 0.0069 -0.0761 -0.0967 
-0.0368 -0.1067 0.0171 -0.0529 0.0388 0.1386 -0.0200 0.0263 0.0130 -0.0773 0.0448 0.0099 -0.0729 -0.0184 -0.0684 -0.0229 0.1296 0.0809 -0.0240 -0.0761 
0.0075 -0.1147 -0.0064 -0.0511 -0.0372 0.1375 0.0270 0.0148 0.0516 -0.0741 0.0035 0.0450 -0.0544 -0.0194 -0.0540 -0.0869 0.0678 0.1180 0.0358 -0.0240 
0.0496 -0.0956 -0.0319 -0.0314 -0.0994 0.0911 0.0682 0.0077 0.0790 -0.0408 -0.0393 0.0540 -0.0266 -0.0204 -0.0221 -0.1123 -0.0167 0.1054 0.0781 0.0358 
0.0792 -0.0526 -0.0546 -0.0033 -0.1275 0.0147 0.0867 0.0055 0.0873 0.0130 -0.0634 0.0387 0.0007 -0.0232 0.0104 -0.0935 -0.0892 0.0513 0.0867 0.0781 
0.0886 0.0054 -0.0675 0.0205 -0.1139 -0.0658 0.0743 0.0056 0.0731 0.0691 -0.0568 0.0104 0.0205 -0.0266 0.0278 -0.0435 -0.1228 -0.0204 0.0599 0.0867 
0.0747 0.0643 -0.0637 0.0303 -0.0659 -0.1235 0.0344 0.0048 0.0399 0.1071 -0.0206 -0.0152 0.0302 -0.0267 0.0232 0.0130 -0.1086 -0.0808 0.0103 0.0599 
0.0402 0.1080 -0.0399 0.0232 -0.0025 -0.1401 -0.0194 0.0004 -0.0030 0.1124 0.0314 -0.0253 0.0313 -0.0193 0.0012 0.0512 -0.0581 -0.1079 -0.0414 0.0103 
-0.0059 0.1227 0.0006 0.0051 0.0537 -0.1123 -0.0684 -0.0079 -0.0432 0.0812 0.0782 -0.0151 0.0276 -0.0028 -0.0249 0.0572 0.0043 -0.0952 -0.0758 -0.0414 
-0.0508 0.1018 0.0471 -0.0131 0.0849 -0.0518 -0.0959 -0.0183 -0.0693 0.0231 0.1000 0.0103 0.0231 0.0203 -0.0395 0.0331 0.0519 -0.0524 -0.0819 -0.0758 
-0.0810 0.0492 0.0841 -0.0208 0.0845 0.0199 -0.0932 -0.0274 -0.0745 -0.0429 0.0862 0.0389 0.0203 0.0433 -0.0324 -0.0052 0.0679 0.0001 -0.0608 -0.0819 
-0.0868 -0.0205 0.0966 -0.0131 0.0579 0.0794 -0.0615 -0.0316 -0.0587 -0.0947 0.0396 0.0562 0.0189 0.0584 -0.0037 -0.0363 0.0514 0.0409 -0.0241 -0.0608 
-0.0656 -0.0856 0.0768 0.0062 0.0188 0.1093 -0.0117 -0.0288 -0.0288 -0.1154 -0.0241 0.0521 0.0171 0.0592 0.0357 -0.0434 0.0160 0.0567 0.0124 -0.0241 
-0.0236 -0.1244 0.0281 0.0269 -0.0172 0.1039 0.0404 -0.0182 0.0046 -0.0989 -0.0824 0.0251 0.0119 0.0440 0.0694 -0.0220 -0.0178 0.0468 0.0355 0.0124 
0.0259 -0.1228 -0.0341 0.0370 -0.0390 0.0688 0.0788 -0.0015 0.0310 -0.0525 -0.1143 -0.0169 0.0015 0.0163 0.0822 0.0184 -0.0322 0.0218 0.0396 0.0355 
0.0664 -0.0799 -0.0878 0.0290 -0.0432 0.0180 0.0929 0.0180 0.0434 0.0069 -0.1082 -0.0590 -0.0138 -0.0159 0.0668 0.0588 -0.0207 -0.0024 0.0284 0.0396 
0.0843 -0.0097 -0.1124 0.0043 -0.0337 -0.0318 0.0794 0.0356 0.0410 0.0587 -0.0663 -0.0850 -0.0307 -0.0436 0.0272 0.0797 0.0100 -0.0126 0.0118 0.0284 
0.0735 0.0637 -0.0971 -0.0271 -0.0186 -0.0668 0.0433 0.0463 0.0283 0.0865 -0.0035 -0.0840 -0.0438 -0.0593 -0.0233 0.0698 0.0433 -0.0044 0.0004 0.0118 
0.0379 0.1146 -0.0458 -0.0510 -0.0049 -0.0793 -0.0043 0.0459 0.0127 0.0837 0.0583 -0.0547 -0.0478 -0.0596 -0.0672 0.0309 0.0611 0.0164 0.0003 0.0004 
-0.0100 0.1247 0.0233 -0.0552 0.0035 -0.0688 -0.0496 0.0324 0.0006 0.0551 0.0982 -0.0060 -0.0389 -0.0455 -0.0898 -0.0232 0.0520 0.0367 0.0108 0.0003 
-0.0530 0.0905 0.0845 -0.0358 0.0072 -0.0409 -0.0795 0.0075 -0.0052 0.0137 0.1041 0.0457 -0.0175 -0.0220 -0.0843 -0.0718 0.0170 0.0435 0.0246 0.0108 
-0.0761 0.0249 0.1146 0.0008 0.0093 -0.0046 -0.0855 -0.0233 -0.0061 -0.0246 0.0762 0.0829 0.0117 0.0045 -0.0541 -0.0966 -0.0312 0.0293 0.0321 0.0246 
-0.0715 -0.0480 0.1019 0.0397 0.0123 0.0300 -0.0656 -0.0509 -0.0065 -0.0477 0.0265 0.0930 0.0404 0.0279 -0.0106 -0.0886 -0.0735 -0.0033 0.0259 0.0321 
-0.0417 -0.1012 0.0512 0.0646 0.0164 0.0539 -0.0254 -0.0658 -0.0101 -0.0510 -0.0264 0.0731 0.0593 0.0436 0.0317 -0.0512 -0.0922 -0.0426 0.0051 0.0259 
0.0017 -0.1158 -0.0180 0.0641 0.0191 0.0615 0.0230 -0.0607 -0.0176 -0.0383 -0.0650 0.0306 0.0615 0.0494 0.0602 0.0014 -0.0791 -0.0731 -0.0242 0.0051 
0.0424 -0.0876 -0.0790 0.0376 0.0169 0.0512 0.0646 -0.0346 -0.0254 -0.0181 -0.0786 -0.0194 0.0449 0.0449 0.0687 0.0506 -0.0378 -0.0814 -0.0513 -0.0242 
0.0656 -0.0284 -0.1087 -0.0049 0.0079 0.0261 0.0858 0.0060 -0.0275 0.0002 -0.0663 -0.0600 0.0137 0.0313 0.0578 0.0800 0.0171 -0.0623 -0.0649 -0.0513 
0.0636 0.0384 -0.0965 -0.0463 -0.0062 -0.0065 0.0788 0.0482 -0.0190 0.0114 -0.0362 -0.0788 -0.0225 0.0112 0.0340 0.0817 0.0661 -0.0210 -0.0583 -0.0649 
0.0384 0.0877 -0.0480 -0.0698 -0.0208 -0.0367 0.0452 0.0767 0.0007 0.0152 -0.0009 -0.0712 -0.0524 -0.0118 0.0059 0.0580 0.0925 0.0288 -0.0321 -0.0583 
0.0005 0.1017 0.0170 -0.0659 -0.0296 -0.0550 -0.0044 0.0796 0.0259 0.0151 0.0278 -0.0421 -0.0661 -0.0330 -0.0185 0.0194 0.0881 0.0702 0.0058 -0.0321 
-0.0352 0.0767 0.0732 -0.0363 -0.0281 -0.0550 -0.0530 0.0536 0.0464 0.0154 0.0429 -0.0029 -0.0590 -0.0474 -0.0345 -0.0201 0.0561 0.0893 0.0429 0.0058 
-0.0554 0.0241 0.0992 0.0069 -0.0157 -0.0365 -0.0834 0.0067 0.0519 0.0177 0.0436 0.0329 -0.0334 -0.0509 -0.0405 -0.0480 0.0086 0.0802 0.0671 0.0429 
-0.0532 -0.0347 0.0865 0.0465 0.0034 -0.0054 -0.0842 -0.0446 0.0367 0.0200 0.0336 0.0545 0.0025 -0.0414 -0.0378 -0.0578 -0.0380 0.0468 0.0705 0.0671 
-0.0309 -0.0771 0.0414 0.0670 0.0217 0.0274 -0.0548 -0.0805 0.0042 0.0177 0.0189 0.0571 0.0372 -0.0202 -0.0286 -0.0497 -0.0690 0.0008 0.0525 0.0705 
0.0021 -0.0877 -0.0172 0.0612 0.0318 0.0502 -0.0058 -0.0866 -0.0342 0.0071 0.0040 0.0423 0.0595 0.0079 -0.0153 -0.0294 -0.0764 -0.0427 0.0195 0.0525 
0.0324 -0.0641 -0.0662 0.0322 0.0295 0.0548 0.0444 -0.0596 -0.0626 -0.0113 -0.0087 0.0169 0.0627 0.0354 0.0002 -0.0049 -0.0607 -0.0705 -0.0175 0.0195 
0.0487 -0.0171 -0.0874 -0.0076 0.0156 0.0395 0.0770 -0.0092 -0.0677 -0.0319 -0.0187 -0.0103 0.0461 0.0539 0.0158 0.0162 -0.0292 -0.0755 -0.0471 -0.0175 
0.0453 0.0340 -0.0741 -0.0421 -0.0043 0.0104 0.0799 0.0448 -0.0451 -0.0456 -0.0258 -0.0315 0.0155 0.0573 0.0289 0.0297 0.0068 -0.0584 -0.0610 -0.0471 
