0.0393 0.0785 0.1175 0.1564 0.1951 0.2334 0.2714 0.3090 0.3461 0.3827 0.4187 0.4540 0.4886 0.5225 0.5556 0.5878 0.6191 0.6494 0.6788 0.7071 0.7343 0.7604 0.7853 0.8090 0.8315 0.8526 0.8725 0.8910 0.9081 0.9239 0.9382 0.9511 0.9625 0.9724 0.9808 0.9877 0.9931 0.9969 0.9992 1.0000 0.9992 0.9969 0.9931 0.9877 0.9808 0.9724 0.9625 0.9511 0.9382 0.9239 0.9081 0.8910 0.8725 0.8526 0.8315 0.8090 0.7853 0.7604 0.7343 0.7071 0.6788 0.6494 0.6191 0.5878 0.5556 0.5225 0.4886 0.4540 0.4187 0.3827 0.3461 0.3090 0.2714 0.2334 0.1951 0.1564 0.1175 0.0785 0.0393 0.0000 
0.0080 0.0477 0.0874 0.1269 0.1662 0.2053 0.2441 0.2825 0.3204 0.3579 0.3948 0.4311 0.4667 0.5017 0.5358 0.5691 0.6015 0.6331 0.6636 0.6931 0.7215 0.7489 0.7751 0.8000 0.8238 0.8463 0.8674 0.8873 0.9057 0.9228 0.9384 0.9526 0.9654 0.9766 0.9864 0.9946 1.0012 1.0064 1.0100 1.0120 1.0125 1.0114 1.0087 1.0045 0.9988 0.9915 0.9826 0.9723 0.9605 0.9471 0.9324 0.9161 0.8985 0.8795 0.8591 0.8374 0.8144 0.7902 0.7647 0.7381 0.7103 0.6814 0.6515 0.6206 0.5887 0.5559 0.5222 0.4878 0.4526 0.4167 0.3801 0.3430 0.3053 0.2672 0.2286 0.1897 0.1505 0.1111 0.0715 0.0350 
-0.0241 0.0161 0.0563 0.0965 0.1365 0.1762 0.2157 0.2549 0.2937 0.3320 0.3698 0.4071 0.4437 0.4796 0.5148 0.5492 0.5828 0.6154 0.6471 0.6778 0.7075 0.7361 0.7635 0.7898 0.8148 0.8386 0.8611 0.8823 0.9021 0.9205 0.9375 0.9530 0.9671 0.9797 0.9908 1.0003 1.0083 1.0148 1.0197 1.0230 1.0247 1.0249 1.0235 1.0205 1.0159 1.0097 1.0020 0.9928 0.9820 0.9697 0.9560 0.9407 0.9240 0.9059 0.8863 0.8654 0.8432 0.8197 0.7949 0.7689 0.7417 0.7133 0.6839 0.6534 0.6218 0.5894 0.5560 0.5218 0.4867 0.4509 0.4144 0.3773 0.3396 0.3014 0.2627 0.2236 0.1841 0.1444 0.1042 0.0708 
-0.0568 -0.0162 0.0245 0.0652 0.1058 0.1462 0.1864 0.2263 0.2659 0.3051 0.3438 0.3819 0.4195 0.4564 0.4927 0.5281 0.5628 0.5966 0.6294 0.6613 0.6922 0.7220 0.7507 0.7782 0.8046 0.8297 0.8535 0.8760 0.8971 0.9169 0.9353 0.9522 0.9676 0.9816 0.9940 1.0049 1.0143 1.0221 1.0283 1.0329 1.0359 1.0374 1.0372 1.0355 1.0321 1.0271 1.0206 1.0125 1.0028 0.9916 0.9789 0.9646 0.9489 0.9317 0.9131 0.8930 0.8716 0.8488 0.8247 0.7994 0.7728 0.7450 0.7161 0.6861 0.6550 0.6229 0.5899 0.5559 0.5211 0.4855 0.4491 0.4120 0.3743 0.3361 0.2973 0.2580 0.2184 0.1784 0.1375 0.1071 
-0.0900 -0.0493 -0.0082 0.0330 0.0742 0.1152 0.1561 0.1968 0.2371 0.2771 0.3166 0.3557 0.3942 0.4321 0.4693 0.5059 0.5416 0.5765 0.6105 0.6436 0.6756 0.7067 0.7366 0.7654 0.7931 0.8195 0.8446 0.8684 0.8909 0.9121 0.9318 0.9501 0.9669 0.9822 0.9960 1.0083 1.0190 1.0282 1.0358 1.0417 1.0461 1.0488 1.0500 1.0495 1.0474 1.0437 1.0383 1.0314 1.0229 1.0128 1.0011 0.9879 0.9732 0.9570 0.9393 0.9201 0.8995 0.8776 0.8543 0.8297 0.8037 0.7766 0.7483 0.7188 0.6882 0.6565 0.6238 0.5902 0.5556 0.5202 0.4840 0.4471 0.4094 0.3711 0.3323 0.2929 0.2531 0.2130 0.1714 0.1441 
-0.1238 -0.0829 -0.0416 0.0000 0.0417 0.0834 0.1249 0.1662 0.2073 0.2481 0.2884 0.3283 0.3678 0.4066 0.4448 0.4824 0.5192 0.5552 0.5903 0.6245 0.6578 0.6900 0.7212 0.7513 0.7802 0.8079 0.8344 0.8596 0.8834 0.9059 0.9270 0.9467 0.9649 0.9816 0.9968 1.0105 1.0226 1.0331 1.0421 1.0494 1.0551 1.0592 1.0617 1.0625 1.0617 1.0592 1.0551 1.0494 1.0421 1.0331 1.0226 1.0105 0.9968 0.9816 0.9649 0.9467 0.9270 0.9059 0.8834 0.8596 0.8344 0.8079 0.7802 0.7513 0.7212 0.6900 0.6578 0.6245 0.5903 0.5551 0.5191 0.4824 0.4448 0.4066 0.3677 0.3283 0.2884 0.2481 0.2060 0.1818 
-0.1581 -0.1170 -0.0755 -0.0336 0.0085 0.0507 0.0928 0.1348 0.1765 0.2180 0.2592 0.2999 0.3402 0.3800 0.4192 0.4577 0.4956 0.5326 0.5689 0.6043 0.6387 0.6721 0.7046 0.7359 0.7661 0.7951 0.8229 0.8494 0.8746 0.8985 0.9210 0.9420 0.9616 0.9798 0.9964 1.0115 1.0250 1.0369 1.0472 1.0560 1.0631 1.0685 1.0723 1.0745 1.0750 1.0738 1.0710 1.0665 1.0604 1.0527 1.0433 1.0323 1.0197 1.0056 0.9899 0.9727 0.9540 0.9338 0.9121 0.8891 0.8647 0.8390 0.8119 0.7836 0.7541 0.7235 0.6917 0.6589 0.6250 0.5902 0.5545 0.5179 0.4805 0.4424 0.4036 0.3641 0.3241 0.2838 0.2411 0.2201 
-0.1928 -0.1516 -0.1100 -0.0679 -0.0255 0.0171 0.0598 0.1024 0.1448 0.1870 0.2289 0.2705 0.3116 0.3523 0.3924 0.4319 0.4708 0.5089 0.5462 0.5827 0.6183 0.6530 0.6866 0.7192 0.7507 0.7810 0.8101 0.8379 0.8645 0.8897 0.9136 0.9361 0.9571 0.9766 0.9946 1.0111 1.0261 1.0394 1.0512 1.0613 1.0698 1.0767 1.0818 1.0854 1.0872 1.0874 1.0859 1.0827 1.0778 1.0713 1.0631 1.0533 1.0419 1.0289 1.0142 0.9980 0.9803 0.9611 0.9404 0.9182 0.8946 0.8696 0.8433 0.8157 0.7869 0.7568 0.7255 0.6932 0.6597 0.6253 0.5899 0.5536 0.5164 0.4784 0.4397 0.4003 0.3603 0.3199 0.2767 0.2591 
-0.2280 -0.1868 -0.1450 -0.1028 -0.0602 -0.0172 0.0259 0.0691 0.1121 0.1550 0.1977 0.2400 0.2819 0.3235 0.3645 0.4050 0.4448 0.4840 0.5224 0.5600 0.5967 0.6325 0.6674 0.7012 0.7339 0.7655 0.7959 0.8251 0.8531 0.8797 0.9049 0.9288 0.9512 0.9722 0.9916 1.0095 1.0259 1.0407 1.0539 1.0654 1.0754 1.0836 1.0902 1.0951 1.0983 1.0999 1.0997 1.0978 1.0943 1.0890 1.0821 1.0735 1.0633 1.0514 1.0379 1.0227 1.0061 0.9878 0.9681 0.9468 0.9241 0.9000 0.8744 0.8475 0.8194 0.7899 0.7593 0.7274 0.6945 0.6604 0.6254 0.5894 0.5525 0.5147 0.4761 0.4368 0.3969 0.3565 0.3128 0.2987 
-0.2635 -0.2223 -0.1805 -0.1382 -0.0954 -0.0522 -0.0087 0.0350 0.0786 0.1221 0.1654 0.2085 0.2512 0.2936 0.3355 0.3769 0.4177 0.4578 0.4973 0.5360 0.5738 0.6108 0.6468 0.6819 0.7159 0.7487 0.7805 0.8110 0.8403 0.8682 0.8949 0.9201 0.9440 0.9664 0.9873 1.0066 1.0245 1.0407 1.0553 1.0683 1.0797 1.0894 1.0974 1.1037 1.1084 1.1113 1.1125 1.1119 1.1097 1.1058 1.1001 1.0928 1.0838 1.0731 1.0607 1.0467 1.0311 1.0139 0.9952 0.9749 0.9531 0.9298 0.9051 0.8790 0.8516 0.8228 0.7928 0.7615 0.7291 0.6956 0.6609 0.6253 0.5887 0.5512 0.5128 0.4737 0.4337 0.3935 0.3494 0.3388 
-0.2994 -0.2582 -0.2164 -0.1740 -0.1311 -0.0877 -0.0440 0.0001 0.0442 0.0883 0.1323 0.1760 0.2195 0.2627 0.3054 0.3477 0.3894 0.4305 0.4710 0.5108 0.5497 0.5878 0.6250 0.6613 0.6965 0.7307 0.7637 0.7955 0.8261 0.8555 0.8835 0.9102 0.9354 0.9592 0.9816 1.0024 1.0217 1.0394 1.0555 1.0699 1.0828 1.0939 1.1034 1.1112 1.1172 1.1215 1.1241 1.1250 1.1241 1.1215 1.1172 1.1111 1.1034 1.0939 1.0828 1.0699 1.0555 1.0394 1.0216 1.0024 0.9815 0.9592 0.9354 0.9101 0.8835 0.8554 0.8261 0.7955 0.7636 0.7306 0.6965 0.6612 0.6250 0.5878 0.5497 0.5107 0.4709 0.4308 0.3863 0.3794 
-0.3356 -0.2945 -0.2527 -0.2103 -0.1673 -0.1238 -0.0799 -0.0356 0.0090 0.0536 0.0982 0.1426 0.1868 0.2307 0.2743 0.3174 0.3600 0.4021 0.4436 0.4844 0.5244 0.5636 0.6020 0.6394 0.6758 0.7112 0.7455 0.7787 0.8106 0.8414 0.8708 0.8988 0.9255 0.9507 0.9745 0.9968 1.0176 1.0367 1.0543 1.0703 1.0846 1.0972 1.1081 1.1174 1.1249 1.1306 1.1347 1.1369 1.1375 1.1362 1.1333 1.1285 1.1221 1.1139 1.1039 1.0923 1.0790 1.0641 1.0474 1.0292 1.0094 0.9881 0.9652 0.9408 0.9150 0.8877 0.8591 0.8292 0.7980 0.7655 0.7319 0.6972 0.6613 0.6245 0.5867 0.5480 0.5084 0.4684 0.4236 0.4204 
-0.3721 -0.3312 -0.2894 -0.2470 -0.2040 -0.1604 -0.1164 -0.0718 -0.0269 0.0181 0.0632 0.1083 0.1531 0.1978 0.2421 0.2860 0.3295 0.3725 0.4150 0.4568 0.4978 0.5382 0.5776 0.6162 0.6539 0.6905 0.7261 0.7605 0.7938 0.8259 0.8567 0.8861 0.9142 0.9409 0.9661 0.9899 1.0121 1.0327 1.0518 1.0693 1.0851 1.0992 1.1116 1.1223 1.1313 1.1385 1.1440 1.1477 1.1497 1.1499 1.1483 1.1449 1.1398 1.1329 1.1242 1.1139 1.1018 1.0880 1.0725 1.0554 1.0367 1.0163 0.9944 0.9710 0.9460 0.9196 0.8918 0.8626 0.8321 0.8003 0.7672 0.7330 0.6977 0.6612 0.6238 0.5854 0.5460 0.5063 0.4612 0.4618 
-0.4088 -0.3680 -0.3264 -0.2841 -0.2411 -0.1975 -0.1533 -0.1086 -0.0635 -0.0181 0.0274 0.0730 0.1185 0.1638 0.2089 0.2536 0.2980 0.3419 0.3852 0.4280 0.4701 0.5115 0.5521 0.5918 0.6306 0.6685 0.7053 0.7410 0.7756 0.8090 0.8412 0.8720 0.9015 0.9297 0.9563 0.9816 1.0052 1.0274 1.0480 1.0669 1.0842 1.0998 1.1138 1.1260 1.1365 1.1452 1.1522 1.1573 1.1607 1.1624 1.1622 1.1602 1.1564 1.1509 1.1436 1.1345 1.1237 1.1111 1.0968 1.0808 1.0632 1.0439 1.0231 1.0006 0.9766 0.9511 0.9241 0.8957 0.8659 0.8348 0.8024 0.7687 0.7339 0.6980 0.6609 0.6229 0.5838 0.5443 0.4990 0.5035 
-0.4457 -0.4052 -0.3637 -0.3215 -0.2786 -0.2350 -0.1907 -0.1460 -0.1007 -0.0551 -0.0091 0.0370 0.0830 0.1290 0.1747 0.2202 0.2654 0.3101 0.3543 0.3981 0.4412 0.4836 0.5252 0.5661 0.6061 0.6451 0.6832 0.7202 0.7561 0.7908 0.8243 0.8566 0.8875 0.9170 0.9452 0.9718 0.9970 1.0207 1.0427 1.0632 1.0820 1.0992 1.1146 1.1284 1.1404 1.1506 1.1591 1.1657 1.1706 1.1737 1.1750 1.1744 1.1721 1.1679 1.1619 1.1542 1.1446 1.1333 1.1203 1.1055 1.0890 1.0709 1.0511 1.0296 1.0066 0.9820 0.9560 0.9284 0.8994 0.8690 0.8373 0.8043 0.7701 0.7346 0.6981 0.6604 0.6217 0.5826 0.5370 0.5456 
-0.4828 -0.4425 -0.4013 -0.3592 -0.3164 -0.2728 -0.2286 -0.1838 -0.1384 -0.0926 -0.0464 0.0001 0.0467 0.0932 0.1396 0.1858 0.2317 0.2773 0.3224 0.3670 0.4111 0.4545 0.4972 0.5392 0.5803 0.6205 0.6598 0.6980 0.7352 0.7713 0.8061 0.8397 0.8720 0.9030 0.9326 0.9607 0.9874 1.0125 1.0361 1.0581 1.0784 1.0971 1.1141 1.1294 1.1429 1.1547 1.1647 1.1729 1.1793 1.1838 1.1866 1.1875 1.1866 1.1838 1.1793 1.1729 1.1647 1.1547 1.1429 1.1294 1.1141 1.0971 1.0784 1.0580 1.0361 1.0125 0.9873 0.9607 0.9325 0.9030 0.8720 0.8397 0.8060 0.7712 0.7351 0.6980 0.6596 0.6209 0.5753 0.5879 
-0.5199 -0.4799 -0.4390 -0.3972 -0.3545 -0.3110 -0.2668 -0.2220 -0.1766 -0.1307 -0.0843 -0.0375 0.0095 0.0566 0.1036 0.1505 0.1971 0.2434 0.2893 0.3348 0.3798 0.4242 0.4680 0.5110 0.5532 0.5946 0.6351 0.6745 0.7130 0.7503 0.7865 0.8215 0.8552 0.8876 0.9186 0.9482 0.9764 1.0030 1.0281 1.0516 1.0735 1.0937 1.1122 1.1291 1.1442 1.1575 1.1690 1.1788 1.1867 1.1928 1.1970 1.1994 1.2000 1.1987 1.1955 1.1905 1.1837 1.1751 1.1646 1.1523 1.1383 1.1225 1.1050 1.0858 1.0649 1.0423 1.0182 0.9925 0.9652 0.9365 0.9063 0.8747 0.8418 0.8076 0.7721 0.7355 0.6976 0.6593 0.6136 0.6303 
-0.5571 -0.5175 -0.4769 -0.4353 -0.3928 -0.3495 -0.3054 -0.2607 -0.2152 -0.1692 -0.1227 -0.0757 -0.0284 0.0191 0.0667 0.1142 0.1615 0.2085 0.2553 0.3016 0.3475 0.3928 0.4375 0.4816 0.5249 0.5674 0.6090 0.6497 0.6894 0.7281 0.7656 0.8019 0.8370 0.8708 0.9032 0.9343 0.9639 0.9920 1.0186 1.0437 1.0671 1.0889 1.1090 1.1274 1.1440 1.1589 1.1720 1.1833 1.1928 1.2004 1.2062 1.2101 1.2122 1.2123 1.2107 1.2071 1.2017 1.1944 1.1853 1.1744 1.1616 1.1471 1.1308 1.1128 1.0930 1.0715 1.0484 1.0237 0.9974 0.9696 0.9403 0.9095 0.8773 0.8438 0.8089 0.7728 0.7355 0.6977 0.6520 0.6729 
-0.5942 -0.5551 -0.5148 -0.4736 -0.4314 -0.3883 -0.3443 -0.2996 -0.2542 -0.2082 -0.1616 -0.1145 -0.0669 -0.0191 0.0289 0.0770 0.1249 0.1727 0.2201 0.2673 0.3140 0.3603 0.4059 0.4510 0.4954 0.5390 0.5817 0.6236 0.6645 0.7044 0.7432 0.7809 0.8173 0.8525 0.8864 0.9189 0.9500 0.9796 1.0078 1.0343 1.0593 1.0826 1.1043 1.1243 1.1425 1.1590 1.1737 1.1865 1.1976 1.2068 1.2141 1.2196 1.2232 1.2248 1.2247 1.2226 1.2186 1.2128 1.2051 1.1955 1.1841 1.1708 1.1558 1.1390 1.1204 1.1001 1.0780 1.0544 1.0291 1.0022 0.9738 0.9438 0.9125 0.8797 0.8455 0.8101 0.7733 0.7361 0.6903 0.7155 
-0.6314 -0.5927 -0.5529 -0.5120 -0.4701 -0.4272 -0.3835 -0.3389 -0.2936 -0.2476 -0.2010 -0.1538 -0.1061 -0.0580 -0.0096 0.0390 0.0875 0.1359 0.1840 0.2319 0.2795 0.3266 0.3732 0.4192 0.4646 0.5093 0.5532 0.5962 0.6383 0.6795 0.7195 0.7585 0.7963 0.8329 0.8682 0.9021 0.9347 0.9658 0.9955 1.0235 1.0501 1.0750 1.0982 1.1197 1.1396 1.1576 1.1739 1.1884 1.2010 1.2118 1.2207 1.2277 1.2329 1.2361 1.2375 1.2369 1.2344 1.2300 1.2237 1.2156 1.2055 1.1936 1.1799 1.1643 1.1470 1.1278 1.1070 1.0844 1.0602 1.0343 1.0068 0.9778 0.9472 0.9153 0.8818 0.8471 0.8109 0.7744 0.7287 0.7582 
-0.6684 -0.6303 -0.5909 -0.5504 -0.5089 -0.4664 -0.4229 -0.3785 -0.3333 -0.2874 -0.2408 -0.1935 -0.1458 -0.0975 -0.0488 0.0001 0.0492 0.0981 0.1470 0.1956 0.2439 0.2919 0.3394 0.3863 0.4327 0.4784 0.5234 0.5675 0.6108 0.6532 0.6945 0.7348 0.7739 0.8119 0.8485 0.8839 0.9179 0.9505 0.9817 1.0113 1.0394 1.0658 1.0907 1.1138 1.1352 1.1549 1.1728 1.1888 1.2031 1.2155 1.2260 1.2346 1.2413 1.2462 1.2490 1.2500 1.2490 1.2461 1.2413 1.2346 1.2260 1.2154 1.2030 1.1888 1.1727 1.1548 1.1352 1.1137 1.0906 1.0658 1.0393 1.0112 0.9816 0.9505 0.9179 0.8838 0.8484 0.8125 0.7669 0.8008 
-0.7053 -0.6677 -0.6289 -0.5889 -0.5478 -0.5056 -0.4624 -0.4183 -0.3733 -0.3275 -0.2809 -0.2337 -0.1859 -0.1375 -0.0886 -0.0394 0.0100 0.0596 0.1090 0.1583 0.2074 0.2561 0.3044 0.3523 0.3996 0.4463 0.4923 0.5376 0.5820 0.6256 0.6681 0.7097 0.7501 0.7894 0.8275 0.8643 0.8998 0.9338 0.9665 0.9976 1.0272 1.0552 1.0816 1.1064 1.1294 1.1507 1.1702 1.1879 1.2038 1.2178 1.2299 1.2401 1.2485 1.2549 1.2594 1.2619 1.2625 1.2611 1.2578 1.2525 1.2454 1.2363 1.2252 1.2123 1.1976 1.1810 1.1625 1.1423 1.1203 1.0966 1.0712 1.0441 1.0155 0.9852 0.9535 0.9203 0.8856 0.8504 0.8051 0.8434 
-0.7420 -0.7051 -0.6669 -0.6274 -0.5867 -0.5450 -0.5021 -0.4583 -0.4135 -0.3679 -0.3214 -0.2743 -0.2264 -0.1780 -0.1290 -0.0796 -0.0298 0.0201 0.0701 0.1201 0.1698 0.2193 0.2684 0.3171 0.3654 0.4131 0.4601 0.5064 0.5520 0.5967 0.6405 0.6832 0.7250 0.7656 0.8050 0.8432 0.8801 0.9157 0.9498 0.9824 1.0136 1.0432 1.0712 1.0975 1.1221 1.1450 1.1662 1.1855 1.2030 1.2187 1.2324 1.2443 1.2543 1.2623 1.2684 1.2725 1.2746 1.2748 1.2731 1.2693 1.2636 1.2560 1.2464 1.2349 1.2215 1.2062 1.1891 1.1701 1.1493 1.1268 1.1025 1.0765 1.0488 1.0196 0.9887 0.9564 0.9224 0.8880 0.8430 0.8857 
-0.7785 -0.7423 -0.7047 -0.6658 -0.6256 -0.5843 -0.5419 -0.4984 -0.4539 -0.4085 -0.3622 -0.3152 -0.2674 -0.2189 -0.1699 -0.1203 -0.0703 -0.0200 0.0304 0.0809 0.1313 0.1815 0.2314 0.2809 0.3300 0.3786 0.4267 0.4740 0.5207 0.5665 0.6114 0.6555 0.6985 0.7404 0.7812 0.8207 0.8591 0.8960 0.9316 0.9658 0.9985 1.0296 1.0592 1.0871 1.1134 1.1379 1.1607 1.1816 1.2008 1.2181 1.2335 1.2471 1.2587 1.2683 1.2760 1.2818 1.2856 1.2873 1.2871 1.2850 1.2808 1.2746 1.2665 1.2565 1.2445 1.2306 1.2147 1.1971 1.1775 1.1562 1.1330 1.1082 1.0816 1.0533 1.0234 0.9920 0.9589 0.9254 0.8806 0.9279 
-0.8147 -0.7792 -0.7423 -0.7040 -0.6644 -0.6236 -0.5817 -0.5386 -0.4944 -0.4493 -0.4033 -0.3564 -0.3087 -0.2603 -0.2112 -0.1616 -0.1115 -0.0609 -0.0100 0.0409 0.0919 0.1427 0.1934 0.2437 0.2936 0.3431 0.3921 0.4404 0.4881 0.5350 0.5811 0.6263 0.6706 0.7138 0.7559 0.7968 0.8366 0.8750 0.9120 0.9477 0.9819 1.0146 1.0457 1.0752 1.1031 1.1293 1.1537 1.1763 1.1971 1.2161 1.2332 1.2484 1.2617 1.2730 1.2824 1.2898 1.2952 1.2986 1.3000 1.2994 1.2967 1.2921 1.2855 1.2770 1.2664 1.2539 1.2395 1.2231 1.2049 1.1848 1.1629 1.1392 1.1137 1.0865 1.0576 1.0272 0.9950 0.9623 0.9180 0.9698 
-0.8506 -0.8159 -0.7797 -0.7421 -0.7031 -0.6629 -0.6214 -0.5788 -0.5351 -0.4903 -0.4445 -0.3978 -0.3503 -0.3020 -0.2530 -0.2033 -0.1531 -0.1023 -0.0512 0.0002 0.0516 0.1031 0.1544 0.2054 0.2561 0.3065 0.3563 0.4057 0.4544 0.5023 0.5496 0.5959 0.6414 0.6859 0.7293 0.7715 0.8126 0.8525 0.8910 0.9281 0.9639 0.9981 1.0308 1.0619 1.0913 1.1191 1.1452 1.1695 1.1920 1.2126 1.2314 1.2483 1.2632 1.2763 1.2873 1.2964 1.3034 1.3085 1.3115 1.3125 1.3115 1.3084 1.3034 1.2963 1.2873 1.2762 1.2632 1.2482 1.2313 1.2126 1.1919 1.1694 1.1451 1.1190 1.0913 1.0618 1.0306 0.9989 0.9550 1.0113 
-0.8861 -0.8522 -0.8168 -0.7799 -0.7416 -0.7020 -0.6611 -0.6190 -0.5757 -0.5313 -0.4859 -0.4395 -0.3921 -0.3440 -0.2950 -0.2454 -0.1952 -0.1443 -0.0930 -0.0413 0.0106 0.0625 0.1144 0.1662 0.2176 0.2688 0.3195 0.3697 0.4194 0.4684 0.5167 0.5642 0.6109 0.6566 0.7012 0.7448 0.7873 0.8285 0.8685 0.9071 0.9443 0.9801 1.0143 1.0470 1.0781 1.1075 1.1352 1.1611 1.1853 1.2076 1.2281 1.2467 1.2634 1.2781 1.2908 1.3015 1.3103 1.3170 1.3217 1.3243 1.3250 1.3235 1.3200 1.3145 1.3070 1.2975 1.2859 1.2724 1.2569 1.2394 1.2201 1.1989 1.1758 1.1509 1.1242 1.0958 1.0656 1.0350 0.9915 1.0525 
-0.9212 -0.8882 -0.8536 -0.8175 -0.7800 -0.7410 -0.7007 -0.6592 -0.6164 -0.5724 -0.5274 -0.4813 -0.4342 -0.3862 -0.3374 -0.2879 -0.2377 -0.1868 -0.1354 -0.0835 -0.0313 0.0212 0.0736 0.1260 0.1781 0.2300 0.2816 0.3327 0.3833 0.4333 0.4827 0.5313 0.5790 0.6259 0.6719 0.7167 0.7605 0.8031 0.8445 0.8846 0.9233 0.9606 0.9964 1.0306 1.0633 1.0943 1.1237 1.1513 1.1771 1.2012 1.2233 1.2436 1.2620 1.2784 1.2928 1.3053 1.3158 1.3242 1.3305 1.3349 1.3371 1.3373 1.3355 1.3316 1.3256 1.3176 1.3075 1.2955 1.2814 1.2654 1.2474 1.2275 1.2057 1.1820 1.1565 1.1292 1.1001 1.0705 1.0276 1.0932 
-0.9558 -0.9237 -0.8900 -0.8547 -0.8180 -0.7798 -0.7402 -0.6992 -0.6570 -0.6135 -0.5689 -0.5232 -0.4764 -0.4287 -0.3801 -0.3307 -0.2805 -0.2297 -0.1782 -0.1262 -0.0737 -0.0210 0.0319 0.0849 0.1377 0.1903 0.2426 0.2946 0.3461 0.3970 0.4474 0.4971 0.5460 0.5940 0.6411 0.6873 0.7324 0.7763 0.8191 0.8606 0.9008 0.9395 0.9769 1.0127 1.0470 1.0796 1.1106 1.1399 1.1674 1.1931 1.2170 1.2390 1.2591 1.2772 1.2934 1.3076 1.3198 1.3299 1.3380 1.3440 1.3480 1.3498 1.3496 1.3473 1.3430 1.3365 1.3280 1.3175 1.3049 1.2903 1.2737 1.2552 1.2347 1.2123 1.1880 1.1620 1.1340 1.1055 1.0632 1.1334 
-0.9899 -0.9587 -0.9260 -0.8916 -0.8557 -0.8183 -0.7794 -0.7391 -0.6975 -0.6546 -0.6105 -0.5652 -0.5188 -0.4714 -0.4230 -0.3738 -0.3237 -0.2729 -0.2215 -0.1694 -0.1168 -0.0638 -0.0105 0.0429 0.0963 0.1496 0.2027 0.2554 0.3078 0.3596 0.4109 0.4616 0.5116 0.5608 0.6091 0.6565 0.7028 0.7481 0.7923 0.8352 0.8768 0.9171 0.9559 0.9933 1.0291 1.0634 1.0960 1.1270 1.1561 1.1836 1.2091 1.2329 1.2547 1.2746 1.2925 1.3084 1.3223 1.3342 1.3440 1.3518 1.3574 1.3610 1.3625 1.3618 1.3591 1.3543 1.3473 1.3383 1.3273 1.3142 1.2990 1.2819 1.2628 1.2417 1.2188 1.1939 1.1671 1.1398 1.0982 1.1730 
-1.0234 -0.9933 -0.9615 -0.9281 -0.8930 -0.8564 -0.8183 -0.7788 -0.7378 -0.6955 -0.6520 -0.6072 -0.5612 -0.5142 -0.4661 -0.4171 -0.3672 -0.3165 -0.2651 -0.2131 -0.1604 -0.1072 -0.0536 0.0002 0.0541 0.1080 0.1617 0.2152 0.2684 0.3211 0.3733 0.4250 0.4760 0.5263 0.5758 0.6243 0.6719 0.7185 0.7640 0.8083 0.8513 0.8931 0.9334 0.9723 1.0098 1.0456 1.0799 1.1125 1.1433 1.1724 1.1997 1.2252 1.2487 1.2704 1.2900 1.3077 1.3234 1.3370 1.3486 1.3581 1.3655 1.3708 1.3739 1.3750 1.3739 1.3708 1.3655 1.3581 1.3486 1.3370 1.3233 1.3077 1.2900 1.2703 1.2486 1.2251 1.1995 1.1735 1.1326 1.2119 
-1.0562 -1.0272 -0.9965 -0.9641 -0.9300 -0.8942 -0.8570 -0.8182 -0.7780 -0.7363 -0.6934 -0.6491 -0.6037 -0.5570 -0.5093 -0.4606 -0.4110 -0.3604 -0.3091 -0.2571 -0.2044 -0.1512 -0.0974 -0.0433 0.0111 0.0655 0.1198 0.1740 0.2279 0.2815 0.3346 0.3872 0.4392 0.4905 0.5411 0.5909 0.6397 0.6875 0.7343 0.7800 0.8244 0.8676 0.9094 0.9499 0.9889 1.0263 1.0622 1.0964 1.1289 1.1597 1.1887 1.2159 1.2412 1.2646 1.2861 1.3055 1.3229 1.3383 1.3517 1.3629 1.3721 1.3791 1.3840 1.3868 1.3875 1.3860 1.3823 1.3765 1.3687 1.3586 1.3465 1.3324 1.3161 1.2979 1.2776 1.2554 1.2311 1.2063 1.1663 1.2502 
-1.0885 -1.0606 -1.0309 -0.9995 -0.9664 -0.9316 -0.8953 -0.8573 -0.8179 -0.7769 -0.7346 -0.6910 -0.6461 -0.5999 -0.5526 -0.5043 -0.4549 -0.4046 -0.3534 -0.3015 -0.2489 -0.1956 -0.1417 -0.0874 -0.0327 0.0222 0.0771 0.1319 0.1865 0.2408 0.2948 0.3483 0.4012 0.4536 0.5052 0.5561 0.6061 0.6552 0.7033 0.7503 0.7961 0.8407 0.8840 0.9259 0.9664 1.0055 1.0429 1.0788 1.1130 1.1455 1.1762 1.2051 1.2321 1.2573 1.2805 1.3017 1.3210 1.3381 1.3533 1.3663 1.3772 1.3860 1.3927 1.3972 1.3996 1.3998 1.3979 1.3938 1.3875 1.3791 1.3686 1.3560 1.3413 1.3245 1.3057 1.2848 1.2619 1.2384 1.1992 1.2878 
-1.1199 -1.0932 -1.0647 -1.0344 -1.0023 -0.9686 -0.9331 -0.8961 -0.8574 -0.8173 -0.7757 -0.7327 -0.6884 -0.6428 -0.5960 -0.5480 -0.4990 -0.4490 -0.3980 -0.3462 -0.2937 -0.2404 -0.1865 -0.1320 -0.0771 -0.0219 0.0334 0.0888 0.1441 0.1991 0.2539 0.3082 0.3621 0.4154 0.4681 0.5201 0.5712 0.6215 0.6708 0.7191 0.7663 0.8123 0.8570 0.9004 0.9425 0.9831 1.0221 1.0596 1.0955 1.1296 1.1620 1.1927 1.2215 1.2484 1.2734 1.2964 1.3174 1.3364 1.3533 1.3681 1.3809 1.3915 1.3999 1.4062 1.4104 1.4123 1.4121 1.4097 1.4051 1.3984 1.3895 1.3785 1.3653 1.3500 1.3327 1.3133 1.2917 1.2697 1.2314 1.3245 
-1.1507 -1.1252 -1.0979 -1.0687 -1.0377 -1.0050 -0.9705 -0.9344 -0.8966 -0.8573 -0.8165 -0.7742 -0.7306 -0.6855 -0.6393 -0.5918 -0.5432 -0.4935 -0.4428 -0.3912 -0.3388 -0.2856 -0.2317 -0.1772 -0.1222 -0.0667 -0.0109 0.0449 0.1008 0.1565 0.2120 0.2671 0.3219 0.3761 0.4298 0.4828 0.5351 0.5865 0.6371 0.6866 0.7351 0.7825 0.8286 0.8735 0.9170 0.9591 0.9998 1.0389 1.0764 1.1122 1.1463 1.1787 1.2092 1.2379 1.2646 1.2894 1.3122 1.3330 1.3518 1.3684 1.3830 1.3954 1.4057 1.4138 1.4197 1.4234 1.4250 1.4243 1.4214 1.4164 1.4091 1.3997 1.3882 1.3745 1.3586 1.3407 1.3206 1.3000 1.2627 1.3603 
-1.1806 -1.1564 -1.1303 -1.1023 -1.0724 -1.0408 -1.0074 -0.9722 -0.9354 -0.8970 -0.8570 -0.8155 -0.7725 -0.7282 -0.6825 -0.6355 -0.5874 -0.5381 -0.4877 -0.4364 -0.3842 -0.3311 -0.2773 -0.2228 -0.1677 -0.1121 -0.0560 0.0002 0.0566 0.1129 0.1691 0.2250 0.2806 0.3357 0.3903 0.4443 0.4977 0.5502 0.6019 0.6527 0.7025 0.7512 0.7987 0.8450 0.8900 0.9337 0.9759 1.0166 1.0557 1.0932 1.1290 1.1630 1.1953 1.2257 1.2543 1.2809 1.3055 1.3281 1.3487 1.3672 1.3836 1.3978 1.4099 1.4198 1.4275 1.4331 1.4364 1.4375 1.4364 1.4331 1.4275 1.4198 1.4099 1.3977 1.3835 1.3671 1.3485 1.3294 1.2931 1.3952 
-1.2097 -1.1868 -1.1619 -1.1352 -1.1065 -1.0760 -1.0437 -1.0096 -0.9738 -0.9363 -0.8972 -0.8565 -0.8143 -0.7706 -0.7256 -0.6792 -0.6316 -0.5827 -0.5328 -0.4818 -0.4298 -0.3769 -0.3232 -0.2688 -0.2137 -0.1580 -0.1018 -0.0452 0.0116 0.0685 0.1253 0.1819 0.2382 0.2942 0.3497 0.4047 0.4590 0.5127 0.5655 0.6175 0.6685 0.7185 0.7674 0.8151 0.8616 0.9067 0.9504 0.9927 1.0334 1.0725 1.1100 1.1458 1.1798 1.2120 1.2423 1.2707 1.2971 1.3216 1.3440 1.3643 1.3825 1.3986 1.4126 1.4243 1.4339 1.4413 1.4464 1.4493 1.4500 1.4484 1.4446 1.4385 1.4303 1.4198 1.4072 1.3924 1.3753 1.3577 1.3225 1.4292 
-1.2378 -1.2163 -1.1928 -1.1673 -1.1399 -1.1105 -1.0794 -1.0464 -1.0116 -0.9751 -0.9369 -0.8971 -0.8558 -0.8129 -0.7685 -0.7228 -0.6757 -0.6274 -0.5779 -0.5273 -0.4756 -0.4230 -0.3694 -0.3151 -0.2601 -0.2044 -0.1480 -0.0913 -0.0341 0.0232 0.0805 0.1378 0.1948 0.2516 0.3079 0.3638 0.4192 0.4739 0.5278 0.5809 0.6332 0.6845 0.7347 0.7838 0.8316 0.8782 0.9235 0.9673 1.0096 1.0504 1.0895 1.1270 1.1627 1.1966 1.2287 1.2589 1.2872 1.3134 1.3377 1.3598 1.3799 1.3979 1.4137 1.4273 1.4387 1.4479 1.4549 1.4596 1.4621 1.4623 1.4603 1.4560 1.4495 1.4407 1.4297 1.4165 1.4010 1.3850 1.3510 1.4621 
-1.2650 -1.2449 -1.2227 -1.1986 -1.1724 -1.1444 -1.1144 -1.0826 -1.0489 -1.0134 -0.9762 -0.9374 -0.8969 -0.8548 -0.8112 -0.7662 -0.7197 -0.6720 -0.6230 -0.5728 -0.5215 -0.4692 -0.4159 -0.3617 -0.3068 -0.2511 -0.1948 -0.1379 -0.0805 -0.0229 0.0349 0.0928 0.1505 0.2080 0.2651 0.3219 0.3782 0.4338 0.4889 0.5431 0.5965 0.6490 0.7005 0.7510 0.8002 0.8482 0.8950 0.9403 0.9842 1.0266 1.0674 1.1065 1.1439 1.1796 1.2135 1.2455 1.2755 1.3036 1.3297 1.3537 1.3757 1.3955 1.4132 1.4287 1.4420 1.4531 1.4619 1.4685 1.4728 1.4748 1.4746 1.4721 1.4673 1.4603 1.4510 1.4395 1.4255 1.4112 1.3784 1.4938 
-1.2912 -1.2725 -1.2518 -1.2290 -1.2042 -1.1774 -1.1487 -1.1180 -1.0855 -1.0512 -1.0150 -0.9772 -0.9376 -0.8964 -0.8536 -0.8093 -0.7636 -0.7165 -0.6681 -0.6184 -0.5675 -0.5155 -0.4625 -0.4086 -0.3538 -0.2983 -0.2420 -0.1850 -0.1275 -0.0696 -0.0114 0.0469 0.1052 0.1634 0.2213 0.2789 0.3360 0.3926 0.4487 0.5040 0.5586 0.6123 0.6650 0.7167 0.7674 0.8168 0.8650 0.9118 0.9572 1.0012 1.0436 1.0844 1.1236 1.1610 1.1966 1.2304 1.2622 1.2922 1.3201 1.3460 1.3698 1.3915 1.4111 1.4285 1.4437 1.4566 1.4673 1.4758 1.4820 1.4859 1.4875 1.4868 1.4838 1.4785 1.4709 1.4611 1.4489 1.4362 1.4047 1.5244 
-1.3164 -1.2992 -1.2799 -1.2585 -1.2351 -1.2097 -1.1822 -1.1528 -1.1215 -1.0883 -1.0533 -1.0164 -0.9779 -0.9376 -0.8957 -0.8522 -0.8073 -0.7608 -0.7130 -0.6639 -0.6135 -0.5620 -0.5093 -0.4557 -0.4011 -0.3457 -0.2895 -0.2326 -0.1750 -0.1169 -0.0585 0.0003 0.0591 0.1178 0.1765 0.2348 0.2928 0.3503 0.4073 0.4637 0.5193 0.5742 0.6281 0.6811 0.7331 0.7839 0.8335 0.8818 0.9288 0.9743 1.0183 1.0608 1.1016 1.1407 1.1781 1.2136 1.2473 1.2790 1.3088 1.3366 1.3623 1.3859 1.4073 1.4266 1.4437 1.4586 1.4712 1.4816 1.4896 1.4954 1.4988 1.5000 1.4988 1.4954 1.4896 1.4815 1.4710 1.4600 1.4298 1.5538 
-1.3405 -1.3248 -1.3070 -1.2871 -1.2651 -1.2410 -1.2149 -1.1868 -1.1568 -1.1248 -1.0909 -1.0551 -1.0176 -0.9783 -0.9374 -0.8948 -0.8506 -0.8049 -0.7578 -0.7093 -0.6595 -0.6084 -0.5562 -0.5029 -0.4486 -0.3934 -0.3373 -0.2805 -0.2230 -0.1648 -0.1061 -0.0471 0.0121 0.0714 0.1307 0.1897 0.2485 0.3069 0.3648 0.4221 0.4788 0.5348 0.5899 0.6441 0.6974 0.7495 0.8005 0.8503 0.8987 0.9458 0.9914 1.0355 1.0780 1.1188 1.1579 1.1952 1.2307 1.2642 1.2959 1.3255 1.3531 1.3786 1.4019 1.4231 1.4421 1.4589 1.4735 1.4857 1.4957 1.5034 1.5087 1.5118 1.5124 1.5108 1.5068 1.5006 1.4918 1.4826 1.4538 1.5820 
-1.3635 -1.3494 -1.3331 -1.3147 -1.2941 -1.2715 -1.2468 -1.2200 -1.1913 -1.1605 -1.1278 -1.0933 -1.0568 -1.0186 -0.9786 -0.9370 -0.8937 -0.8488 -0.8024 -0.7546 -0.7054 -0.6549 -0.6031 -0.5502 -0.4963 -0.4413 -0.3854 -0.3287 -0.2713 -0.2131 -0.1544 -0.0951 -0.0356 0.0242 0.0840 0.1437 0.2032 0.2623 0.3211 0.3794 0.4371 0.4941 0.5504 0.6058 0.6603 0.7137 0.7661 0.8173 0.8672 0.9158 0.9629 1.0086 1.0527 1.0952 1.1361 1.1751 1.2124 1.2478 1.2812 1.3127 1.3422 1.3696 1.3948 1.4180 1.4389 1.4576 1.4741 1.4883 1.5002 1.5098 1.5171 1.5220 1.5246 1.5248 1.5227 1.5182 1.5112 1.5038 1.4765 1.6088 
-1.3853 -1.3728 -1.3581 -1.3412 -1.3222 -1.3010 -1.2777 -1.2524 -1.2249 -1.1955 -1.1641 -1.1307 -1.0954 -1.0583 -1.0194 -0.9787 -0.9363 -0.8923 -0.8467 -0.7996 -0.7511 -0.7012 -0.6500 -0.5976 -0.5440 -0.4894 -0.4338 -0.3773 -0.3199 -0.2619 -0.2031 -0.1437 -0.0839 -0.0238 0.0364 0.0967 0.1569 0.2168 0.2764 0.3355 0.3942 0.4522 0.5096 0.5661 0.6218 0.6765 0.7302 0.7828 0.8341 0.8842 0.9329 0.9802 1.0259 1.0701 1.1126 1.1534 1.1924 1.2296 1.2649 1.2982 1.3296 1.3589 1.3861 1.4111 1.4340 1.4547 1.4731 1.4892 1.5031 1.5146 1.5238 1.5307 1.5352 1.5373 1.5371 1.5345 1.5293 1.5237 1.4979 1.6342 
-1.4059 -1.3950 -1.3819 -1.3666 -1.3491 -1.3295 -1.3077 -1.2838 -1.2578 -1.2297 -1.1995 -1.1674 -1.1334 -1.0974 -1.0596 -1.0199 -0.9785 -0.9355 -0.8907 -0.8445 -0.7967 -0.7474 -0.6968 -0.6450 -0.5919 -0.5376 -0.4823 -0.4260 -0.3689 -0.3109 -0.2522 -0.1928 -0.1329 -0.0725 -0.0119 0.0489 0.1097 0.1703 0.2306 0.2906 0.3502 0.4092 0.4675 0.5252 0.5820 0.6380 0.6930 0.7469 0.7996 0.8511 0.9013 0.9501 0.9975 1.0433 1.0875 1.1300 1.1708 1.2098 1.2469 1.2821 1.3153 1.3465 1.3756 1.4025 1.4274 1.4500 1.4704 1.4885 1.5043 1.5178 1.5290 1.5378 1.5442 1.5483 1.5499 1.5492 1.5459 1.5422 1.5179 1.6582 
-1.4252 -1.4160 -1.4046 -1.3909 -1.3750 -1.3569 -1.3367 -1.3142 -1.2896 -1.2630 -1.2342 -1.2034 -1.1706 -1.1358 -1.0991 -1.0606 -1.0203 -0.9782 -0.9344 -0.8890 -0.8420 -0.7935 -0.7435 -0.6922 -0.6397 -0.5859 -0.5310 -0.4750 -0.4181 -0.3603 -0.3017 -0.2423 -0.1823 -0.1218 -0.0609 0.0003 0.0616 0.1228 0.1838 0.2446 0.3050 0.3649 0.4243 0.4830 0.5410 0.5981 0.6543 0.7095 0.7636 0.8165 0.8682 0.9185 0.9675 1.0149 1.0607 1.1050 1.1475 1.1882 1.2272 1.2642 1.2993 1.3323 1.3634 1.3923 1.4190 1.4436 1.4660 1.4861 1.5039 1.5194 1.5325 1.5433 1.5517 1.5577 1.5613 1.5625 1.5611 1.5593 1.5366 1.6808 
-1.4433 -1.4358 -1.4260 -1.4140 -1.3998 -1.3833 -1.3646 -1.3437 -1.3206 -1.2953 -1.2680 -1.2385 -1.2070 -1.1735 -1.1381 -1.1007 -1.0615 -1.0204 -0.9776 -0.9331 -0.8869 -0.8392 -0.7900 -0.7394 -0.6874 -0.6341 -0.5797 -0.5241 -0.4674 -0.4099 -0.3514 -0.2922 -0.2322 -0.1716 -0.1105 -0.0490 0.0126 0.0744 0.1361 0.1976 0.2588 0.3196 0.3799 0.4396 0.4986 0.5569 0.6143 0.6708 0.7262 0.7805 0.8336 0.8854 0.9359 0.9849 1.0324 1.0783 1.1225 1.1650 1.2057 1.2446 1.2815 1.3165 1.3494 1.3803 1.4090 1.4355 1.4599 1.4819 1.5017 1.5192 1.5344 1.5471 1.5575 1.5655 1.5711 1.5742 1.5748 1.5749 1.5539 1.7018 
-1.4600 -1.4543 -1.4462 -1.4359 -1.4233 -1.4085 -1.3914 -1.3720 -1.3505 -1.3267 -1.3008 -1.2728 -1.2427 -1.2105 -1.1763 -1.1401 -1.1020 -1.0621 -1.0203 -0.9768 -0.9316 -0.8847 -0.8363 -0.7864 -0.7350 -0.6823 -0.6284 -0.5732 -0.5170 -0.4597 -0.4014 -0.3424 -0.2825 -0.2219 -0.1607 -0.0990 -0.0370 0.0252 0.0874 0.1496 0.2115 0.2731 0.3343 0.3950 0.4550 0.5144 0.5730 0.6306 0.6873 0.7430 0.7975 0.8508 0.9027 0.9533 1.0024 1.0500 1.0959 1.1401 1.1826 1.2233 1.2621 1.2989 1.3337 1.3665 1.3972 1.4257 1.4520 1.4761 1.4979 1.5174 1.5345 1.5493 1.5617 1.5717 1.5792 1.5844 1.5869 1.5890 1.5697 1.7212 
-1.4754 -1.4714 -1.4651 -1.4566 -1.4457 -1.4325 -1.4170 -1.3993 -1.3793 -1.3571 -1.3327 -1.3062 -1.2774 -1.2466 -1.2137 -1.1788 -1.1420 -1.1032 -1.0625 -1.0200 -0.9758 -0.9298 -0.8823 -0.8331 -0.7825 -0.7305 -0.6771 -0.6224 -0.5666 -0.5096 -0.4517 -0.3928 -0.3331 -0.2726 -0.2114 -0.1496 -0.0873 -0.0248 0.0380 0.1007 0.1633 0.2256 0.2876 0.3492 0.4102 0.4706 0.5303 0.5892 0.6471 0.7041 0.7599 0.8146 0.8681 0.9202 0.9708 1.0200 1.0676 1.1136 1.1578 1.2003 1.2409 1.2796 1.3163 1.3510 1.3836 1.4141 1.4424 1.4685 1.4923 1.5138 1.5330 1.5498 1.5642 1.5762 1.5858 1.5929 1.5974 1.6015 1.5839 1.7390 
-1.4894 -1.4872 -1.4827 -1.4759 -1.4667 -1.4553 -1.4415 -1.4254 -1.4071 -1.3865 -1.3636 -1.3385 -1.3113 -1.2819 -1.2504 -1.2168 -1.1812 -1.1436 -1.1041 -1.0627 -1.0195 -0.9745 -0.9279 -0.8796 -0.8297 -0.7784 -0.7256 -0.6715 -0.6162 -0.5597 -0.5021 -0.4435 -0.3839 -0.3236 -0.2624 -0.2006 -0.1382 -0.0754 -0.0123 0.0509 0.1141 0.1771 0.2399 0.3023 0.3643 0.4257 0.4864 0.5464 0.6055 0.6637 0.7209 0.7770 0.8319 0.8855 0.9377 0.9885 1.0377 1.0854 1.1313 1.1756 1.2180 1.2586 1.2972 1.3338 1.3683 1.4008 1.4310 1.4591 1.4849 1.5085 1.5297 1.5485 1.5650 1.5790 1.5906 1.5998 1.6063 1.6124 1.5967 1.7552 
-1.5020 -1.5016 -1.4989 -1.4939 -1.4865 -1.4768 -1.4647 -1.4504 -1.4337 -1.4147 -1.3934 -1.3699 -1.3442 -1.3162 -1.2861 -1.2539 -1.2197 -1.1833 -1.1450 -1.1048 -1.0627 -1.0187 -0.9731 -0.9257 -0.8767 -0.8261 -0.7741 -0.7206 -0.6658 -0.6098 -0.5526 -0.4943 -0.4350 -0.3748 -0.3138 -0.2521 -0.1896 -0.1267 -0.0633 0.0003 0.0640 0.1277 0.1912 0.2544 0.3172 0.3795 0.4413 0.5023 0.5626 0.6220 0.6805 0.7379 0.7942 0.8492 0.9030 0.9553 1.0062 1.0555 1.1032 1.1492 1.1934 1.2358 1.2763 1.3148 1.3512 1.3856 1.4179 1.4480 1.4758 1.5014 1.5246 1.5455 1.5640 1.5801 1.5938 1.6050 1.6136 1.6217 1.6078 1.7696 
-1.5131 -1.5146 -1.5137 -1.5105 -1.5049 -1.4970 -1.4867 -1.4740 -1.4591 -1.4417 -1.4221 -1.4002 -1.3760 -1.3496 -1.3210 -1.2902 -1.2573 -1.2223 -1.1853 -1.1462 -1.1053 -1.0624 -1.0178 -0.9714 -0.9233 -0.8735 -0.8222 -0.7695 -0.7153 -0.6598 -0.6031 -0.5452 -0.4863 -0.4263 -0.3655 -0.3039 -0.2415 -0.1785 -0.1149 -0.0510 0.0132 0.0774 0.1415 0.2054 0.2690 0.3323 0.3949 0.4570 0.5184 0.5790 0.6387 0.6974 0.7550 0.8115 0.8667 0.9206 0.9730 1.0240 1.0734 1.1211 1.1671 1.2113 1.2536 1.2940 1.3324 1.3687 1.4030 1.4350 1.4649 1.4925 1.5178 1.5408 1.5613 1.5795 1.5952 1.6085 1.6191 1.6294 1.6174 1.7823 
-1.5227 -1.5261 -1.5271 -1.5257 -1.5220 -1.5158 -1.5073 -1.4965 -1.4832 -1.4676 -1.4497 -1.4294 -1.4068 -1.3820 -1.3549 -1.3256 -1.2941 -1.2605 -1.2247 -1.1870 -1.1472 -1.1056 -1.0620 -1.0166 -0.9695 -0.9206 -0.8702 -0.8182 -0.7647 -0.7098 -0.6536 -0.5962 -0.5377 -0.4780 -0.4174 -0.3560 -0.2937 -0.2307 -0.1670 -0.1029 -0.0384 0.0262 0.0909 0.1555 0.2199 0.2839 0.3475 0.4105 0.4730 0.5347 0.5955 0.6555 0.7144 0.7723 0.8289 0.8843 0.9383 0.9909 1.0419 1.0913 1.1391 1.1850 1.2292 1.2715 1.3118 1.3501 1.3863 1.4203 1.4522 1.4818 1.5092 1.5342 1.5569 1.5771 1.5949 1.6103 1.6230 1.6353 1.6253 1.7932 
-1.5308 -1.5361 -1.5389 -1.5395 -1.5376 -1.5333 -1.5266 -1.5175 -1.5061 -1.4922 -1.4760 -1.4574 -1.4365 -1.4132 -1.3877 -1.3599 -1.3299 -1.2977 -1.2634 -1.2270 -1.1885 -1.1480 -1.1056 -1.0613 -1.0152 -0.9673 -0.9178 -0.8666 -0.8139 -0.7597 -0.7041 -0.6472 -0.5891 -0.5299 -0.4696 -0.4083 -0.3462 -0.2833 -0.2197 -0.1554 -0.0907 -0.0257 0.0395 0.1046 0.1697 0.2345 0.2989 0.3629 0.4263 0.4890 0.5510 0.6122 0.6724 0.7316 0.7896 0.8465 0.9020 0.9561 1.0088 1.0599 1.1093 1.1571 1.2031 1.2472 1.2894 1.3296 1.3678 1.4038 1.4377 1.4694 1.4988 1.5258 1.5506 1.5729 1.5928 1.6103 1.6251 1.6396 1.6315 1.8023 
-1.5374 -1.5445 -1.5493 -1.5517 -1.5517 -1.5493 -1.5445 -1.5373 -1.5276 -1.5156 -1.5011 -1.4842 -1.4650 -1.4434 -1.4195 -1.3933 -1.3648 -1.3341 -1.3012 -1.2662 -1.2290 -1.1898 -1.1486 -1.1055 -1.0604 -1.0136 -0.9650 -0.9147 -0.8628 -0.8093 -0.7544 -0.6981 -0.6406 -0.5818 -0.5218 -0.4609 -0.3990 -0.3362 -0.2727 -0.2084 -0.1436 -0.0783 -0.0128 0.0529 0.1185 0.1840 0.2492 0.3141 0.3784 0.4422 0.5053 0.5676 0.6290 0.6895 0.7489 0.8071 0.8641 0.9198 0.9740 1.0268 1.0779 1.1274 1.1752 1.2212 1.2652 1.3073 1.3475 1.3855 1.4214 1.4551 1.4865 1.5157 1.5425 1.5669 1.5890 1.6086 1.6254 1.6420 1.6360 1.8096 
-1.5424 -1.5515 -1.5582 -1.5625 -1.5644 -1.5639 -1.5610 -1.5556 -1.5478 -1.5376 -1.5249 -1.5098 -1.4923 -1.4724 -1.4502 -1.4256 -1.3987 -1.3695 -1.3381 -1.3045 -1.2687 -1.2308 -1.1909 -1.1490 -1.1051 -1.0593 -1.0117 -0.9624 -0.9114 -0.8587 -0.8046 -0.7489 -0.6920 -0.6337 -0.5742 -0.5136 -0.4520 -0.3894 -0.3260 -0.2618 -0.1970 -0.1315 -0.0657 0.0004 0.0665 0.1326 0.1986 0.2642 0.3294 0.3941 0.4583 0.5217 0.5843 0.6460 0.7067 0.7663 0.8247 0.8819 0.9377 0.9921 1.0449 1.0961 1.1456 1.1934 1.2393 1.2833 1.3254 1.3653 1.4032 1.4389 1.4724 1.5037 1.5326 1.5591 1.5833 1.6050 1.6240 1.6427 1.6387 1.8149 
-1.5458 -1.5568 -1.5655 -1.5717 -1.5756 -1.5770 -1.5760 -1.5725 -1.5666 -1.5582 -1.5473 -1.5341 -1.5183 -1.5002 -1.4797 -1.4567 -1.4315 -1.4039 -1.3740 -1.3419 -1.3076 -1.2711 -1.2325 -1.1918 -1.1491 -1.1045 -1.0580 -1.0097 -0.9596 -0.9078 -0.8545 -0.7996 -0.7432 -0.6855 -0.6265 -0.5664 -0.5051 -0.4428 -0.3796 -0.3156 -0.2508 -0.1853 -0.1193 -0.0529 0.0137 0.0803 0.1469 0.2133 0.2793 0.3450 0.4100 0.4745 0.5382 0.6011 0.6631 0.7240 0.7838 0.8425 0.8998 0.9557 1.0102 1.0631 1.1143 1.1639 1.2116 1.2575 1.3015 1.3434 1.3833 1.4210 1.4565 1.4898 1.5208 1.5495 1.5757 1.5996 1.6207 1.6416 1.6397 1.8183 
-1.5475 -1.5605 -1.5712 -1.5794 -1.5852 -1.5886 -1.5895 -1.5879 -1.5839 -1.5774 -1.5684 -1.5570 -1.5431 -1.5267 -1.5079 -1.4867 -1.4631 -1.4372 -1.4089 -1.3783 -1.3455 -1.3104 -1.2732 -1.2339 -1.1925 -1.1490 -1.1037 -1.0564 -1.0074 -0.9565 -0.9041 -0.8500 -0.7944 -0.7373 -0.6789 -0.6192 -0.5583 -0.4964 -0.4334 -0.3696 -0.3049 -0.2395 -0.1734 -0.1068 -0.0399 0.0272 0.0944 0.1614 0.2282 0.2947 0.3607 0.4261 0.4909 0.5549 0.6181 0.6803 0.7415 0.8015 0.8603 0.9178 0.9738 1.0284 1.0814 1.1327 1.1822 1.2299 1.2758 1.3196 1.3615 1.4012 1.4388 1.4741 1.5072 1.5380 1.5663 1.5923 1.6156 1.6387 1.6389 1.8198 
-1.5477 -1.5626 -1.5752 -1.5854 -1.5932 -1.5986 -1.6014 -1.6018 -1.5998 -1.5952 -1.5881 -1.5785 -1.5665 -1.5520 -1.5350 -1.5155 -1.4936 -1.4694 -1.4427 -1.4137 -1.3824 -1.3489 -1.3131 -1.2751 -1.2351 -1.1929 -1.1487 -1.1026 -1.0546 -1.0048 -0.9533 -0.9001 -0.8452 -0.7889 -0.7311 -0.6720 -0.6116 -0.5501 -0.4875 -0.4239 -0.3593 -0.2940 -0.2279 -0.1613 -0.0941 -0.0267 0.0410 0.1086 0.1761 0.2433 0.3101 0.3765 0.4423 0.5074 0.5718 0.6352 0.6977 0.7591 0.8193 0.8783 0.9359 0.9921 1.0467 1.0997 1.1511 1.2006 1.2483 1.2941 1.3379 1.3796 1.4192 1.4566 1.4917 1.5246 1.5551 1.5832 1.6087 1.6339 1.6362 1.8192 
-1.5461 -1.5631 -1.5777 -1.5899 -1.5996 -1.6070 -1.6118 -1.6142 -1.6141 -1.6115 -1.6063 -1.5987 -1.5885 -1.5758 -1.5607 -1.5430 -1.5229 -1.5004 -1.4754 -1.4481 -1.4184 -1.3863 -1.3521 -1.3155 -1.2768 -1.2360 -1.1931 -1.1482 -1.1014 -1.0526 -1.0021 -0.9498 -0.8958 -0.8403 -0.7832 -0.7247 -0.6649 -0.6038 -0.5416 -0.4783 -0.4140 -0.3489 -0.2829 -0.2162 -0.1489 -0.0812 -0.0132 0.0549 0.1230 0.1909 0.2586 0.3258 0.3926 0.4587 0.5241 0.5888 0.6525 0.7152 0.7768 0.8373 0.8964 0.9541 1.0104 1.0651 1.1182 1.1695 1.2191 1.2667 1.3125 1.3561 1.3977 1.4372 1.4744 1.5094 1.5420 1.5723 1.5999 1.6272 1.6318 1.8167 
-1.5429 -1.5619 -1.5785 -1.5927 -1.6044 -1.6138 -1.6206 -1.6250 -1.6269 -1.6262 -1.6230 -1.6173 -1.6091 -1.5983 -1.5850 -1.5692 -1.5509 -1.5301 -1.5069 -1.4813 -1.4532 -1.4228 -1.3901 -1.3550 -1.3178 -1.2784 -1.2368 -1.1932 -1.1475 -1.0999 -1.0504 -0.9991 -0.9461 -0.8914 -0.8351 -0.7773 -0.7181 -0.6576 -0.5958 -0.5329 -0.4689 -0.4040 -0.3382 -0.2716 -0.2043 -0.1364 -0.0681 0.0004 0.0690 0.1376 0.2059 0.2740 0.3416 0.4088 0.4753 0.5410 0.6059 0.6699 0.7329 0.7947 0.8553 0.9146 0.9724 1.0288 1.0836 1.1367 1.1881 1.2376 1.2852 1.3309 1.3744 1.4159 1.4552 1.4922 1.5270 1.5594 1.5891 1.6187 1.6254 1.8121 
-1.5380 -1.5590 -1.5776 -1.5938 -1.6076 -1.6189 -1.6278 -1.6342 -1.6381 -1.6394 -1.6382 -1.6345 -1.6282 -1.6194 -1.6080 -1.5941 -1.5776 -1.5587 -1.5372 -1.5133 -1.4869 -1.4582 -1.4270 -1.3936 -1.3578 -1.3198 -1.2796 -1.2373 -1.1929 -1.1465 -1.0982 -1.0480 -0.9959 -0.9421 -0.8867 -0.8297 -0.7712 -0.7112 -0.6500 -0.5875 -0.5239 -0.4593 -0.3937 -0.3272 -0.2600 -0.1921 -0.1237 -0.0548 0.0142 0.0833 0.1523 0.2211 0.2896 0.3577 0.4251 0.4920 0.5580 0.6232 0.6875 0.7507 0.8127 0.8735 0.9329 0.9909 1.0473 1.1022 1.1553 1.2067 1.2562 1.3038 1.3493 1.3928 1.4341 1.4732 1.5101 1.5446 1.5765 1.6083 1.6172 1.8055 
-1.5314 -1.5544 -1.5750 -1.5932 -1.6090 -1.6224 -1.6333 -1.6418 -1.6477 -1.6511 -1.6519 -1.6501 -1.6458 -1.6390 -1.6295 -1.6175 -1.6030 -1.5859 -1.5662 -1.5441 -1.5195 -1.4924 -1.4629 -1.4311 -1.3969 -1.3604 -1.3217 -1.2807 -1.2377 -1.1925 -1.1454 -1.0963 -1.0453 -0.9925 -0.9379 -0.8818 -0.8240 -0.7648 -0.7041 -0.6422 -0.5790 -0.5147 -0.4494 -0.3832 -0.3161 -0.2482 -0.1797 -0.1107 -0.0413 0.0282 0.0978 0.1673 0.2365 0.3054 0.3738 0.4417 0.5088 0.5752 0.6407 0.7052 0.7686 0.8308 0.8917 0.9513 1.0094 1.0659 1.1208 1.1740 1.2254 1.2748 1.3224 1.3678 1.4112 1.4524 1.4913 1.5280 1.5620 1.5959 1.6072 1.7968 
-1.5231 -1.5480 -1.5706 -1.5909 -1.6088 -1.6242 -1.6372 -1.6477 -1.6556 -1.6611 -1.6639 -1.6642 -1.6619 -1.6571 -1.6496 -1.6395 -1.6269 -1.6117 -1.5939 -1.5736 -1.5508 -1.5255 -1.4977 -1.4675 -1.4349 -1.4000 -1.3628 -1.3233 -1.2816 -1.2378 -1.1919 -1.1440 -1.0941 -1.0423 -0.9888 -0.9335 -0.8766 -0.8181 -0.7582 -0.6968 -0.6342 -0.5703 -0.5053 -0.4394 -0.3725 -0.3047 -0.2362 -0.1671 -0.0975 -0.0276 0.0425 0.1125 0.1825 0.2521 0.3214 0.3902 0.4584 0.5258 0.5925 0.6583 0.7230 0.7866 0.8490 0.9101 0.9698 1.0280 1.0846 1.1396 1.1928 1.2441 1.2936 1.3410 1.3864 1.4296 1.4706 1.5094 1.5456 1.5817 1.5952 1.7860 
-1.5131 -1.5400 -1.5646 -1.5869 -1.6068 -1.6243 -1.6393 -1.6519 -1.6619 -1.6694 -1.6743 -1.6767 -1.6764 -1.6736 -1.6681 -1.6601 -1.6494 -1.6361 -1.6203 -1.6018 -1.5808 -1.5573 -1.5313 -1.5028 -1.4719 -1.4386 -1.4029 -1.3649 -1.3247 -1.2822 -1.2377 -1.1910 -1.1423 -1.0917 -1.0392 -0.9849 -0.9289 -0.8712 -0.8120 -0.7513 -0.6892 -0.6259 -0.5613 -0.4957 -0.4291 -0.3615 -0.2931 -0.2240 -0.1543 -0.0841 -0.0137 0.0569 0.1274 0.1978 0.2679 0.3375 0.4067 0.4752 0.5430 0.6100 0.6760 0.7410 0.8048 0.8674 0.9286 0.9885 1.0468 1.1034 1.1584 1.2116 1.2629 1.3123 1.3597 1.4049 1.4480 1.4889 1.5272 1.5655 1.5813 1.7732 
-1.5013 -1.5302 -1.5568 -1.5811 -1.6031 -1.6227 -1.6398 -1.6544 -1.6665 -1.6761 -1.6831 -1.6875 -1.6893 -1.6885 -1.6851 -1.6791 -1.6704 -1.6591 -1.6452 -1.6287 -1.6096 -1.5879 -1.5637 -1.5369 -1.5077 -1.4761 -1.4420 -1.4056 -1.3669 -1.3259 -1.2827 -1.2373 -1.1899 -1.1405 -1.0891 -1.0358 -0.9808 -0.9240 -0.8656 -0.8057 -0.7442 -0.6815 -0.6174 -0.5522 -0.4859 -0.4186 -0.3503 -0.2813 -0.2116 -0.1413 -0.0705 0.0004 0.0715 0.1425 0.2133 0.2838 0.3539 0.4234 0.4922 0.5603 0.6276 0.6939 0.7591 0.8231 0.8859 0.9473 1.0072 1.0656 1.1223 1.1773 1.2305 1.2818 1.3311 1.3784 1.4235 1.4665 1.5070 1.5473 1.5655 1.7582 
-1.4877 -1.5186 -1.5473 -1.5736 -1.5976 -1.6193 -1.6385 -1.6552 -1.6694 -1.6811 -1.6902 -1.6967 -1.7006 -1.7019 -1.7005 -1.6965 -1.6899 -1.6806 -1.6687 -1.6541 -1.6369 -1.6171 -1.5948 -1.5698 -1.5424 -1.5124 -1.4801 -1.4453 -1.4081 -1.3686 -1.3268 -1.2829 -1.2368 -1.1886 -1.1384 -1.0862 -1.0322 -0.9764 -0.9189 -0.8598 -0.7991 -0.7369 -0.6734 -0.6087 -0.5428 -0.4758 -0.4078 -0.3389 -0.2693 -0.1989 -0.1280 -0.0567 0.0147 0.0863 0.1578 0.2290 0.2999 0.3704 0.4402 0.5094 0.5778 0.6453 0.7119 0.7773 0.8415 0.9044 0.9660 1.0260 1.0845 1.1413 1.1963 1.2495 1.3008 1.3500 1.3972 1.4422 1.4848 1.5273 1.5477 1.7411 
-1.4725 -1.5053 -1.5360 -1.5644 -1.5904 -1.6141 -1.6354 -1.6542 -1.6705 -1.6843 -1.6955 -1.7041 -1.7102 -1.7135 -1.7143 -1.7124 -1.7078 -1.7005 -1.6906 -1.6781 -1.6628 -1.6450 -1.6245 -1.6014 -1.5758 -1.5476 -1.5170 -1.4838 -1.4483 -1.4104 -1.3701 -1.3276 -1.2829 -1.2360 -1.1870 -1.1361 -1.0832 -1.0284 -0.9718 -0.9136 -0.8537 -0.7922 -0.7294 -0.6652 -0.5997 -0.5331 -0.4654 -0.3968 -0.3273 -0.2570 -0.1860 -0.1146 -0.0427 0.0293 0.1013 0.1732 0.2449 0.3162 0.3870 0.4572 0.5268 0.5955 0.6632 0.7300 0.7957 0.8601 0.9231 0.9848 1.0450 1.1035 1.1603 1.2154 1.2685 1.3197 1.3689 1.4160 1.4607 1.5053 1.5280 1.7218 
-1.4554 -1.4903 -1.5229 -1.5533 -1.5814 -1.6072 -1.6305 -1.6515 -1.6699 -1.6858 -1.6991 -1.7099 -1.7180 -1.7235 -1.7264 -1.7266 -1.7241 -1.7189 -1.7111 -1.7005 -1.6873 -1.6714 -1.6529 -1.6317 -1.6080 -1.5816 -1.5527 -1.5213 -1.4874 -1.4511 -1.4124 -1.3714 -1.3281 -1.2826 -1.2350 -1.1853 -1.1335 -1.0799 -1.0243 -0.9670 -0.9080 -0.8474 -0.7852 -0.7216 -0.6567 -0.5905 -0.5232 -0.4549 -0.3856 -0.3154 -0.2445 -0.1730 -0.1009 -0.0285 0.0440 0.1165 0.1889 0.2610 0.3327 0.4038 0.4744 0.5442 0.6132 0.6813 0.7483 0.8141 0.8787 0.9420 1.0038 1.0640 1.1226 1.1794 1.2345 1.2876 1.3388 1.3879 1.4346 1.4813 1.5064 1.7004 
-1.4366 -1.4734 -1.5081 -1.5405 -1.5706 -1.5985 -1.6239 -1.6469 -1.6675 -1.6855 -1.7010 -1.7139 -1.7242 -1.7318 -1.7368 -1.7392 -1.7388 -1.7357 -1.7299 -1.7215 -1.7103 -1.6964 -1.6798 -1.6606 -1.6388 -1.6143 -1.5872 -1.5576 -1.5254 -1.4908 -1.4537 -1.4143 -1.3725 -1.3285 -1.2822 -1.2338 -1.1833 -1.1308 -1.0763 -1.0200 -0.9619 -0.9022 -0.8408 -0.7779 -0.7136 -0.6480 -0.5811 -0.5131 -0.4441 -0.3742 -0.3034 -0.2318 -0.1596 -0.0870 -0.0141 0.0589 0.1319 0.2047 0.2772 0.3493 0.4208 0.4917 0.5619 0.6312 0.6995 0.7667 0.8328 0.8975 0.9609 1.0228 1.0831 1.1418 1.1987 1.2537 1.3068 1.3579 1.4067 1.4555 1.4829 1.6769 
-1.4161 -1.4548 -1.4914 -1.5259 -1.5580 -1.5879 -1.6155 -1.6406 -1.6633 -1.6834 -1.7011 -1.7161 -1.7286 -1.7384 -1.7455 -1.7500 -1.7518 -1.7508 -1.7472 -1.7408 -1.7317 -1.7199 -1.7053 -1.6881 -1.6682 -1.6456 -1.6204 -1.5926 -1.5623 -1.5294 -1.4940 -1.4561 -1.4159 -1.3734 -1.3285 -1.2815 -1.2323 -1.1810 -1.1278 -1.0725 -1.0155 -0.9566 -0.8961 -0.8340 -0.7704 -0.7053 -0.6390 -0.5715 -0.5028 -0.4331 -0.3625 -0.2911 -0.2189 -0.1461 -0.0730 0.0005 0.0740 0.1474 0.2207 0.2936 0.3661 0.4380 0.5092 0.5797 0.6492 0.7178 0.7853 0.8515 0.9164 0.9799 1.0419 1.1023 1.1610 1.2179 1.2730 1.3260 1.3769 1.4277 1.4574 1.6512 
-1.3938 -1.4345 -1.4730 -1.5095 -1.5437 -1.5756 -1.6052 -1.6325 -1.6572 -1.6796 -1.6993 -1.7166 -1.7312 -1.7432 -1.7525 -1.7591 -1.7631 -1.7643 -1.7628 -1.7585 -1.7515 -1.7418 -1.7293 -1.7141 -1.6962 -1.6756 -1.6523 -1.6264 -1.5978 -1.5667 -1.5331 -1.4969 -1.4583 -1.4174 -1.3740 -1.3284 -1.2806 -1.2306 -1.1786 -1.1245 -1.0685 -1.0107 -0.9511 -0.8898 -0.8270 -0.7626 -0.6969 -0.6298 -0.5616 -0.4922 -0.4219 -0.3506 -0.2785 -0.2057 -0.1324 -0.0587 0.0153 0.0893 0.1632 0.2369 0.3102 0.3831 0.4553 0.5269 0.5976 0.6675 0.7363 0.8039 0.8704 0.9354 0.9991 1.0612 1.1216 1.1804 1.2373 1.2923 1.3451 1.3979 1.4301 1.6235 
-1.3698 -1.4123 -1.4528 -1.4913 -1.5275 -1.5615 -1.5932 -1.6225 -1.6494 -1.6739 -1.6958 -1.7152 -1.7320 -1.7462 -1.7577 -1.7665 -1.7726 -1.7760 -1.7767 -1.7746 -1.7697 -1.7621 -1.7517 -1.7386 -1.7227 -1.7041 -1.6828 -1.6588 -1.6321 -1.6029 -1.5710 -1.5366 -1.4997 -1.4603 -1.4186 -1.3745 -1.3281 -1.2795 -1.2287 -1.1759 -1.1211 -1.0643 -1.0057 -0.9454 -0.8833 -0.8197 -0.7546 -0.6882 -0.6204 -0.5515 -0.4814 -0.4104 -0.3385 -0.2658 -0.1924 -0.1185 -0.0442 0.0303 0.1048 0.1791 0.2532 0.3270 0.4002 0.4728 0.5447 0.6157 0.6858 0.7549 0.8227 0.8893 0.9546 1.0183 1.0805 1.1410 1.1998 1.2567 1.3115 1.3663 1.4008 1.5935 
-1.3440 -1.3885 -1.4309 -1.4713 -1.5095 -1.5455 -1.5793 -1.6107 -1.6397 -1.6663 -1.6904 -1.7120 -1.7310 -1.7474 -1.7611 -1.7721 -1.7804 -1.7860 -1.7889 -1.7890 -1.7863 -1.7808 -1.7725 -1.7615 -1.7477 -1.7312 -1.7119 -1.6898 -1.6651 -1.6377 -1.6077 -1.5751 -1.5399 -1.5022 -1.4621 -1.4196 -1.3747 -1.3275 -1.2781 -1.2266 -1.1730 -1.1174 -1.0598 -1.0005 -0.9394 -0.8766 -0.8122 -0.7464 -0.6792 -0.6107 -0.5411 -0.4704 -0.3987 -0.3262 -0.2528 -0.1788 -0.1043 -0.0295 0.0455 0.1204 0.1953 0.2698 0.3439 0.4175 0.4905 0.5626 0.6340 0.7043 0.7736 0.8417 0.9084 0.9738 1.0377 1.0999 1.1605 1.2193 1.2760 1.3328 1.3696 1.5615 
-1.3166 -1.3628 -1.4072 -1.4495 -1.4897 -1.5277 -1.5635 -1.5970 -1.6282 -1.6569 -1.6832 -1.7070 -1.7281 -1.7467 -1.7627 -1.7759 -1.7865 -1.7943 -1.7993 -1.8016 -1.8011 -1.7978 -1.7917 -1.7828 -1.7712 -1.7567 -1.7394 -1.7194 -1.6967 -1.6712 -1.6431 -1.6123 -1.5790 -1.5430 -1.5046 -1.4637 -1.4203 -1.3747 -1.3267 -1.2765 -1.2242 -1.1698 -1.1134 -1.0551 -0.9950 -0.9331 -0.8696 -0.8045 -0.7379 -0.6700 -0.6009 -0.5305 -0.4592 -0.3868 -0.3136 -0.2396 -0.1650 -0.0899 -0.0146 0.0609 0.1363 0.2116 0.2865 0.3610 0.4350 0.5083 0.5808 0.6524 0.7230 0.7924 0.8607 0.9276 0.9932 1.0571 1.1195 1.1801 1.2387 1.2974 1.3365 1.5274 
-1.2874 -1.3355 -1.3817 -1.4259 -1.4681 -1.5081 -1.5460 -1.5816 -1.6148 -1.6457 -1.6741 -1.7000 -1.7234 -1.7442 -1.7624 -1.7779 -1.7907 -1.8007 -1.8080 -1.8125 -1.8142 -1.8131 -1.8092 -1.8025 -1.7930 -1.7806 -1.7655 -1.7475 -1.7268 -1.7034 -1.6772 -1.6483 -1.6168 -1.5826 -1.5459 -1.5067 -1.4650 -1.4209 -1.3744 -1.3257 -1.2747 -1.2216 -1.1664 -1.1093 -1.0502 -0.9893 -0.9266 -0.8624 -0.7965 -0.7292 -0.6606 -0.5907 -0.5197 -0.4477 -0.3747 -0.3008 -0.2262 -0.1510 -0.0754 0.0005 0.0765 0.1524 0.2281 0.3034 0.3783 0.4526 0.5262 0.5990 0.6709 0.7417 0.8114 0.8799 0.9470 1.0126 1.0767 1.1391 1.1996 1.2601 1.3016 1.4911 
-1.2565 -1.3064 -1.3544 -1.4006 -1.4447 -1.4867 -1.5266 -1.5642 -1.5996 -1.6326 -1.6632 -1.6913 -1.7168 -1.7399 -1.7602 -1.7780 -1.7930 -1.8053 -1.8149 -1.8216 -1.8256 -1.8267 -1.8250 -1.8205 -1.8132 -1.8030 -1.7900 -1.7741 -1.7555 -1.7340 -1.7098 -1.6829 -1.6533 -1.6210 -1.5861 -1.5486 -1.5086 -1.4661 -1.4212 -1.3740 -1.3244 -1.2727 -1.2188 -1.1628 -1.1049 -1.0450 -0.9833 -0.9199 -0.8549 -0.7883 -0.7203 -0.6510 -0.5804 -0.5087 -0.4360 -0.3623 -0.2878 -0.2126 -0.1368 -0.0606 0.0158 0.0923 0.1686 0.2447 0.3205 0.3958 0.4704 0.5443 0.6174 0.6896 0.7607 0.8306 0.8992 0.9664 1.0322 1.0963 1.1586 1.2210 1.2648 1.4528 
-1.2239 -1.2756 -1.3255 -1.3735 -1.4195 -1.4635 -1.5054 -1.5451 -1.5825 -1.6176 -1.6503 -1.6806 -1.7084 -1.7336 -1.7562 -1.7762 -1.7935 -1.8081 -1.8199 -1.8289 -1.8351 -1.8385 -1.8391 -1.8368 -1.8317 -1.8237 -1.8128 -1.7991 -1.7826 -1.7632 -1.7411 -1.7161 -1.6885 -1.6581 -1.6250 -1.5894 -1.5511 -1.5103 -1.4670 -1.4213 -1.3733 -1.3230 -1.2704 -1.2157 -1.1590 -1.1002 -1.0396 -0.9771 -0.9130 -0.8472 -0.7799 -0.7111 -0.6411 -0.5698 -0.4974 -0.4240 -0.3497 -0.2745 -0.1987 -0.1223 -0.0456 0.0313 0.1082 0.1850 0.2616 0.3377 0.4134 0.4884 0.5626 0.6360 0.7084 0.7797 0.8498 0.9186 0.9860 1.0519 1.1159 1.1801 1.2261 1.4125 
-1.1897 -1.2431 -1.2948 -1.3446 -1.3925 -1.4385 -1.4823 -1.5240 -1.5635 -1.6008 -1.6356 -1.6681 -1.6980 -1.7255 -1.7503 -1.7725 -1.7921 -1.8089 -1.8230 -1.8343 -1.8429 -1.8485 -1.8514 -1.8513 -1.8485 -1.8427 -1.8340 -1.8225 -1.8081 -1.7909 -1.7708 -1.7479 -1.7223 -1.6938 -1.6627 -1.6289 -1.5924 -1.5534 -1.5118 -1.4677 -1.4212 -1.3724 -1.3212 -1.2679 -1.2124 -1.1549 -1.0953 -1.0339 -0.9707 -0.9058 -0.8393 -0.7712 -0.7017 -0.6310 -0.5590 -0.4859 -0.4119 -0.3369 -0.2611 -0.1846 -0.1077 -0.0304 0.0470 0.1244 0.2017 0.2786 0.3552 0.4312 0.5065 0.5811 0.6547 0.7274 0.7989 0.8692 0.9381 1.0057 1.0714 1.1374 1.1857 1.3701 
-1.1538 -1.2089 -1.2623 -1.3140 -1.3638 -1.4116 -1.4575 -1.5012 -1.5427 -1.5820 -1.6190 -1.6536 -1.6858 -1.7154 -1.7425 -1.7670 -1.7888 -1.8079 -1.8243 -1.8379 -1.8487 -1.8567 -1.8618 -1.8641 -1.8635 -1.8600 -1.8535 -1.8442 -1.8320 -1.8170 -1.7990 -1.7782 -1.7546 -1.7282 -1.6990 -1.6671 -1.6325 -1.5952 -1.5554 -1.5130 -1.4682 -1.4209 -1.3712 -1.3193 -1.2652 -1.2089 -1.1505 -1.0902 -1.0280 -0.9641 -0.8984 -0.8311 -0.7623 -0.6921 -0.6206 -0.5480 -0.4742 -0.3995 -0.3238 -0.2474 -0.1704 -0.0928 -0.0150 0.0629 0.1408 0.2185 0.2958 0.3728 0.4491 0.5248 0.5996 0.6736 0.7465 0.8182 0.8887 0.9578 1.0253 1.0929 1.1434 1.3257 
-1.1163 -1.1731 -1.2282 -1.2817 -1.3333 -1.3830 -1.4308 -1.4765 -1.5201 -1.5614 -1.6005 -1.6373 -1.6716 -1.7034 -1.7328 -1.7595 -1.7836 -1.8050 -1.8237 -1.8396 -1.8527 -1.8630 -1.8705 -1.8750 -1.8767 -1.8755 -1.8713 -1.8643 -1.8543 -1.8414 -1.8256 -1.8070 -1.7854 -1.7611 -1.7339 -1.7040 -1.6713 -1.6359 -1.5979 -1.5572 -1.5141 -1.4684 -1.4203 -1.3699 -1.3171 -1.2622 -1.2051 -1.1460 -1.0849 -1.0219 -0.9572 -0.8907 -0.8227 -0.7531 -0.6822 -0.6100 -0.5367 -0.4622 -0.3868 -0.3105 -0.2335 -0.1559 -0.0778 0.0005 0.0790 0.1573 0.2354 0.3132 0.3905 0.4672 0.5432 0.6184 0.6926 0.7657 0.8376 0.9083 0.9774 1.0467 1.0994 1.2793 
-1.0772 -1.1356 -1.1924 -1.2476 -1.3010 -1.3526 -1.4023 -1.4500 -1.4956 -1.5390 -1.5802 -1.6190 -1.6555 -1.6896 -1.7211 -1.7501 -1.7764 -1.8001 -1.8211 -1.8394 -1.8548 -1.8674 -1.8772 -1.8841 -1.8881 -1.8892 -1.8873 -1.8825 -1.8748 -1.8642 -1.8506 -1.8341 -1.8148 -1.7925 -1.7674 -1.7395 -1.7087 -1.6753 -1.6391 -1.6003 -1.5589 -1.5149 -1.4684 -1.4195 -1.3683 -1.3147 -1.2590 -1.2011 -1.1412 -1.0793 -1.0155 -0.9500 -0.8828 -0.8140 -0.7437 -0.6721 -0.5992 -0.5252 -0.4501 -0.3740 -0.2970 -0.2194 -0.1411 -0.0625 0.0163 0.0952 0.1740 0.2526 0.3308 0.4085 0.4855 0.5618 0.6372 0.7117 0.7851 0.8572 0.9279 0.9988 1.0537 1.2309 
-1.0366 -1.0965 -1.1550 -1.2119 -1.2671 -1.3205 -1.3720 -1.4216 -1.4692 -1.5146 -1.5579 -1.5989 -1.6375 -1.6737 -1.7075 -1.7387 -1.7674 -1.7934 -1.8166 -1.8372 -1.8550 -1.8699 -1.8821 -1.8913 -1.8976 -1.9010 -1.9015 -1.8990 -1.8936 -1.8852 -1.8739 -1.8597 -1.8425 -1.8224 -1.7994 -1.7735 -1.7448 -1.7133 -1.6791 -1.6421 -1.6025 -1.5603 -1.5155 -1.4682 -1.4185 -1.3664 -1.3121 -1.2555 -1.1969 -1.1361 -1.0735 -1.0089 -0.9426 -0.8747 -0.8051 -0.7341 -0.6618 -0.5882 -0.5134 -0.4376 -0.3609 -0.2833 -0.2050 -0.1262 -0.0471 0.0323 0.1117 0.1910 0.2699 0.3485 0.4266 0.5039 0.5806 0.6563 0.7310 0.8046 0.8767 0.9492 1.0062 1.1806 
-0.9944 -1.0559 -1.1159 -1.1745 -1.2314 -1.2866 -1.3400 -1.3915 -1.4410 -1.4885 -1.5338 -1.5768 -1.6176 -1.6560 -1.6920 -1.7254 -1.7563 -1.7846 -1.8102 -1.8331 -1.8532 -1.8705 -1.8850 -1.8966 -1.9053 -1.9110 -1.9139 -1.9137 -1.9106 -1.9046 -1.8955 -1.8835 -1.8685 -1.8506 -1.8298 -1.8060 -1.7794 -1.7500 -1.7177 -1.6827 -1.6449 -1.6045 -1.5614 -1.5158 -1.4678 -1.4172 -1.3644 -1.3092 -1.2519 -1.1924 -1.1309 -1.0674 -1.0021 -0.9350 -0.8663 -0.7960 -0.7243 -0.6512 -0.5769 -0.5015 -0.4250 -0.3476 -0.2694 -0.1905 -0.1111 -0.0314 0.0485 0.1284 0.2081 0.2875 0.3664 0.4448 0.5225 0.5995 0.6754 0.7504 0.8240 0.8980 0.9571 1.1285 
-0.9507 -1.0136 -1.0753 -1.1354 -1.1940 -1.2510 -1.3062 -1.3596 -1.4110 -1.4604 -1.5078 -1.5529 -1.5958 -1.6363 -1.6745 -1.7102 -1.7433 -1.7739 -1.8018 -1.8270 -1.8495 -1.8691 -1.8860 -1.8999 -1.9110 -1.9191 -1.9243 -1.9266 -1.9258 -1.9221 -1.9153 -1.9056 -1.8929 -1.8772 -1.8586 -1.8370 -1.8125 -1.7851 -1.7549 -1.7219 -1.6860 -1.6475 -1.6062 -1.5624 -1.5160 -1.4671 -1.4158 -1.3621 -1.3061 -1.2479 -1.1877 -1.1253 -1.0611 -0.9950 -0.9272 -0.8577 -0.7866 -0.7142 -0.6404 -0.5654 -0.4893 -0.4121 -0.3340 -0.2552 -0.1757 -0.0957 -0.0155 0.0649 0.1452 0.2253 0.3052 0.3845 0.4633 0.5413 0.6185 0.6948 0.7698 0.8451 0.9064 1.0745 
-0.9055 -0.9699 -1.0330 -1.0948 -1.1550 -1.2137 -1.2707 -1.3259 -1.3792 -1.4306 -1.4799 -1.5271 -1.5721 -1.6147 -1.6551 -1.6930 -1.7284 -1.7612 -1.7914 -1.8189 -1.8438 -1.8658 -1.8850 -1.9013 -1.9148 -1.9253 -1.9329 -1.9375 -1.9391 -1.9378 -1.9334 -1.9260 -1.9156 -1.9022 -1.8858 -1.8664 -1.8441 -1.8188 -1.7907 -1.7597 -1.7258 -1.6892 -1.6498 -1.6078 -1.5631 -1.5159 -1.4662 -1.4140 -1.3595 -1.3028 -1.2438 -1.1827 -1.1196 -1.0545 -0.9877 -0.9191 -0.8488 -0.7770 -0.7038 -0.6293 -0.5536 -0.4768 -0.3990 -0.3203 -0.2408 -0.1607 -0.0802 0.0006 0.0814 0.1622 0.2428 0.3230 0.4027 0.4818 0.5602 0.6377 0.7141 0.7908 0.8541 1.0187 
-0.8589 -0.9247 -0.9893 -1.0525 -1.1144 -1.1747 -1.2334 -1.2904 -1.3456 -1.3989 -1.4502 -1.4994 -1.5464 -1.5912 -1.6337 -1.6738 -1.7114 -1.7465 -1.7790 -1.8089 -1.8361 -1.8604 -1.8820 -1.9008 -1.9166 -1.9296 -1.9396 -1.9466 -1.9506 -1.9516 -1.9496 -1.9445 -1.9365 -1.9254 -1.9113 -1.8941 -1.8740 -1.8510 -1.8249 -1.7960 -1.7642 -1.7296 -1.6921 -1.6520 -1.6091 -1.5636 -1.5156 -1.4651 -1.4121 -1.3568 -1.2992 -1.2394 -1.1775 -1.1136 -1.0478 -0.9801 -0.9107 -0.8397 -0.7672 -0.6933 -0.6180 -0.5416 -0.4641 -0.3857 -0.3063 -0.2262 -0.1455 -0.0644 0.0169 0.0982 0.1795 0.2605 0.3411 0.4212 0.5006 0.5793 0.6569 0.7349 0.8002 0.9611 
-0.8108 -0.8780 -0.9440 -1.0087 -1.0721 -1.1341 -1.1945 -1.2532 -1.3102 -1.3654 -1.4186 -1.4698 -1.5189 -1.5658 -1.6104 -1.6527 -1.6925 -1.7299 -1.7647 -1.7969 -1.8263 -1.8531 -1.8771 -1.8982 -1.9165 -1.9318 -1.9442 -1.9537 -1.9601 -1.9635 -1.9639 -1.9613 -1.9556 -1.9468 -1.9350 -1.9202 -1.9023 -1.8815 -1.8576 -1.8308 -1.8011 -1.7685 -1.7331 -1.6949 -1.6539 -1.6102 -1.5639 -1.5151 -1.4637 -1.4099 -1.3538 -1.2953 -1.2348 -1.1721 -1.1073 -1.0407 -0.9723 -0.9021 -0.8304 -0.7571 -0.6825 -0.6065 -0.5294 -0.4512 -0.3721 -0.2921 -0.2114 -0.1301 -0.0485 0.0333 0.1152 0.1969 0.2783 0.3593 0.4397 0.5195 0.5984 0.6776 0.7448 0.9018 
-0.7614 -0.8298 -0.8972 -0.9634 -1.0283 -1.0918 -1.1539 -1.2143 -1.2731 -1.3301 -1.3852 -1.4384 -1.4895 -1.5385 -1.5852 -1.6296 -1.6717 -1.7113 -1.7483 -1.7828 -1.8146 -1.8437 -1.8701 -1.8936 -1.9143 -1.9321 -1.9469 -1.9588 -1.9677 -1.9735 -1.9763 -1.9761 -1.9728 -1.9664 -1.9570 -1.9445 -1.9289 -1.9103 -1.8887 -1.8641 -1.8366 -1.8061 -1.7727 -1.7364 -1.6974 -1.6556 -1.6111 -1.5640 -1.5143 -1.4621 -1.4075 -1.3505 -1.2913 -1.2299 -1.1664 -1.1009 -1.0335 -0.9642 -0.8933 -0.8208 -0.7468 -0.6714 -0.5948 -0.5170 -0.4381 -0.3583 -0.2776 -0.1963 -0.1145 -0.0323 0.0500 0.1323 0.2145 0.2963 0.3777 0.4585 0.5385 0.6188 0.6880 0.8408 
-0.7107 -0.7803 -0.8490 -0.9166 -0.9829 -1.0480 -1.1116 -1.1738 -1.2343 -1.2931 -1.3501 -1.4051 -1.4582 -1.5092 -1.5580 -1.6046 -1.6488 -1.6906 -1.7300 -1.7667 -1.8009 -1.8324 -1.8611 -1.8870 -1.9101 -1.9303 -1.9476 -1.9619 -1.9733 -1.9816 -1.9868 -1.9890 -1.9882 -1.9842 -1.9771 -1.9670 -1.9538 -1.9375 -1.9182 -1.8958 -1.8704 -1.8421 -1.8108 -1.7766 -1.7396 -1.6997 -1.6571 -1.6118 -1.5638 -1.5133 -1.4603 -1.4048 -1.3470 -1.2870 -1.2248 -1.1605 -1.0941 -1.0259 -0.9559 -0.8842 -0.8110 -0.7362 -0.6601 -0.5828 -0.5043 -0.4247 -0.3443 -0.2630 -0.1811 -0.0987 -0.0160 0.0669 0.1497 0.2322 0.3145 0.3963 0.4773 0.5587 0.6298 0.7782 
-0.6587 -0.7295 -0.7994 -0.8683 -0.9360 -1.0026 -1.0678 -1.1315 -1.1937 -1.2543 -1.3131 -1.3701 -1.4251 -1.4781 -1.5290 -1.5777 -1.6240 -1.6681 -1.7096 -1.7487 -1.7851 -1.8190 -1.8501 -1.8784 -1.9039 -1.9266 -1.9463 -1.9631 -1.9769 -1.9876 -1.9954 -2.0000 -2.0016 -2.0001 -1.9954 -1.9877 -1.9769 -1.9629 -1.9459 -1.9258 -1.9027 -1.8766 -1.8474 -1.8153 -1.7803 -1.7425 -1.7018 -1.6583 -1.6122 -1.5634 -1.5121 -1.4582 -1.4019 -1.3433 -1.2824 -1.2194 -1.1543 -1.0872 -1.0182 -0.9474 -0.8749 -0.8009 -0.7254 -0.6486 -0.5706 -0.4914 -0.4112 -0.3300 -0.2481 -0.1656 -0.0826 0.0006 0.0839 0.1672 0.2502 0.3328 0.4149 0.4973 0.5701 0.7140 
-0.6055 -0.6774 -0.7484 -0.8186 -0.8877 -0.9557 -1.0224 -1.0877 -1.1515 -1.2138 -1.2744 -1.3332 -1.3902 -1.4451 -1.4980 -1.5488 -1.5973 -1.6435 -1.6873 -1.7286 -1.7674 -1.8035 -1.8370 -1.8677 -1.8957 -1.9207 -1.9429 -1.9622 -1.9784 -1.9917 -2.0019 -2.0090 -2.0131 -2.0140 -2.0118 -2.0065 -1.9981 -1.9866 -1.9719 -1.9542 -1.9333 -1.9094 -1.8825 -1.8525 -1.8197 -1.7838 -1.7452 -1.7036 -1.6594 -1.6124 -1.5628 -1.5106 -1.4559 -1.3988 -1.3394 -1.2777 -1.2138 -1.1479 -1.0800 -1.0102 -0.9386 -0.8654 -0.7906 -0.7144 -0.6369 -0.5581 -0.4782 -0.3973 -0.3155 -0.2330 -0.1499 -0.0664 0.0174 0.1012 0.1849 0.2683 0.3513 0.4347 0.5092 0.6483 
-0.5510 -0.6240 -0.6962 -0.7675 -0.8379 -0.9072 -0.9754 -1.0422 -1.1077 -1.1716 -1.2340 -1.2946 -1.3534 -1.4103 -1.4652 -1.5180 -1.5686 -1.6169 -1.6629 -1.7065 -1.7476 -1.7860 -1.8219 -1.8550 -1.8853 -1.9128 -1.9375 -1.9592 -1.9780 -1.9937 -2.0064 -2.0160 -2.0226 -2.0260 -2.0263 -2.0235 -2.0175 -2.0084 -1.9961 -1.9807 -1.9622 -1.9406 -1.9159 -1.8882 -1.8575 -1.8238 -1.7871 -1.7476 -1.7053 -1.6602 -1.6124 -1.5619 -1.5089 -1.4534 -1.3954 -1.3352 -1.2726 -1.2080 -1.1412 -1.0725 -1.0019 -0.9296 -0.8556 -0.7801 -0.7031 -0.6249 -0.5454 -0.4648 -0.3833 -0.3008 -0.2177 -0.1340 -0.0499 0.0344 0.1186 0.2028 0.2865 0.3708 0.4470 0.5811 
-0.4954 -0.5693 -0.6426 -0.7151 -0.7867 -0.8574 -0.9269 -0.9952 -1.0622 -1.1278 -1.1918 -1.2542 -1.3148 -1.3736 -1.4305 -1.4853 -1.5380 -1.5885 -1.6366 -1.6824 -1.7257 -1.7665 -1.8047 -1.8402 -1.8729 -1.9029 -1.9300 -1.9542 -1.9754 -1.9937 -2.0089 -2.0210 -2.0301 -2.0360 -2.0388 -2.0385 -2.0350 -2.0283 -2.0185 -2.0055 -1.9893 -1.9701 -1.9477 -1.9222 -1.8937 -1.8622 -1.8277 -1.7902 -1.7499 -1.7067 -1.6608 -1.6121 -1.5608 -1.5070 -1.4506 -1.3918 -1.3307 -1.2674 -1.2019 -1.1343 -1.0648 -0.9935 -0.9203 -0.8456 -0.7693 -0.6916 -0.6127 -0.5325 -0.4512 -0.3690 -0.2859 -0.2022 -0.1179 -0.0333 0.0515 0.1363 0.2208 0.3058 0.3837 0.5126 
-0.4388 -0.5136 -0.5878 -0.6614 -0.7342 -0.8061 -0.8770 -0.9467 -1.0152 -1.0823 -1.1480 -1.2121 -1.2745 -1.3352 -1.3939 -1.4507 -1.5055 -1.5580 -1.6083 -1.6563 -1.7019 -1.7450 -1.7855 -1.8233 -1.8585 -1.8908 -1.9204 -1.9471 -1.9708 -1.9916 -2.0093 -2.0240 -2.0355 -2.0440 -2.0493 -2.0515 -2.0505 -2.0463 -2.0390 -2.0284 -2.0147 -1.9978 -1.9778 -1.9546 -1.9284 -1.8990 -1.8667 -1.8314 -1.7931 -1.7519 -1.7079 -1.6611 -1.6116 -1.5595 -1.5048 -1.4476 -1.3880 -1.3260 -1.2619 -1.1956 -1.1272 -1.0569 -0.9847 -0.9108 -0.8353 -0.7583 -0.6799 -0.6002 -0.5193 -0.4374 -0.3545 -0.2708 -0.1864 -0.1016 -0.0164 0.0689 0.1540 0.2397 0.3192 0.4427 
-0.3810 -0.4567 -0.5319 -0.6065 -0.6804 -0.7534 -0.8256 -0.8967 -0.9666 -1.0353 -1.1025 -1.1683 -1.2325 -1.2949 -1.3556 -1.4143 -1.4710 -1.5257 -1.5781 -1.6282 -1.6760 -1.7214 -1.7642 -1.8044 -1.8419 -1.8767 -1.9087 -1.9379 -1.9641 -1.9873 -2.0076 -2.0248 -2.0389 -2.0500 -2.0578 -2.0625 -2.0640 -2.0624 -2.0575 -2.0494 -2.0382 -2.0237 -2.0061 -1.9853 -1.9613 -1.9343 -1.9042 -1.8710 -1.8348 -1.7957 -1.7537 -1.7089 -1.6613 -1.6109 -1.5579 -1.5024 -1.4443 -1.3839 -1.3211 -1.2561 -1.1890 -1.1198 -1.0487 -0.9757 -0.9011 -0.8248 -0.7470 -0.6679 -0.5875 -0.5059 -0.4233 -0.3398 -0.2554 -0.1704 -0.0850 0.0007 0.0864 0.1726 0.2536 0.3715 
-0.3223 -0.3987 -0.4748 -0.5503 -0.6253 -0.6995 -0.7728 -0.8452 -0.9165 -0.9866 -1.0555 -1.1228 -1.1887 -1.2529 -1.3154 -1.3760 -1.4347 -1.4914 -1.5459 -1.5982 -1.6482 -1.6957 -1.7408 -1.7834 -1.8233 -1.8605 -1.8949 -1.9265 -1.9553 -1.9810 -2.0038 -2.0236 -2.0403 -2.0538 -2.0642 -2.0715 -2.0756 -2.0765 -2.0741 -2.0686 -2.0598 -2.0478 -2.0326 -2.0142 -1.9926 -1.9679 -1.9400 -1.9091 -1.8751 -1.8381 -1.7982 -1.7553 -1.7096 -1.6612 -1.6100 -1.5561 -1.4997 -1.4409 -1.3796 -1.3160 -1.2501 -1.1822 -1.1122 -1.0403 -0.9665 -0.8911 -0.8141 -0.7356 -0.6557 -0.5746 -0.4923 -0.4090 -0.3248 -0.2398 -0.1543 -0.0683 0.0179 0.1046 0.1869 0.2991 
-0.2627 -0.3398 -0.4166 -0.4931 -0.5690 -0.6442 -0.7187 -0.7924 -0.8650 -0.9365 -1.0068 -1.0757 -1.1432 -1.2092 -1.2734 -1.3359 -1.3966 -1.4552 -1.5118 -1.5662 -1.6183 -1.6681 -1.7155 -1.7603 -1.8026 -1.8422 -1.8790 -1.9131 -1.9443 -1.9726 -1.9979 -2.0202 -2.0395 -2.0556 -2.0686 -2.0784 -2.0851 -2.0885 -2.0887 -2.0857 -2.0794 -2.0699 -2.0572 -2.0412 -2.0221 -1.9997 -1.9742 -1.9455 -1.9138 -1.8790 -1.8412 -1.8004 -1.7567 -1.7102 -1.6608 -1.6088 -1.5541 -1.4969 -1.4371 -1.3750 -1.3105 -1.2439 -1.1751 -1.1043 -1.0316 -0.9571 -0.8809 -0.8031 -0.7238 -0.6432 -0.5614 -0.4784 -0.3945 -0.3096 -0.2240 -0.1379 -0.0514 0.0358 0.1194 0.2256 
-0.2021 -0.2799 -0.3574 -0.4347 -0.5115 -0.5878 -0.6633 -0.7381 -0.8120 -0.8849 -0.9566 -1.0271 -1.0962 -1.1638 -1.2298 -1.2941 -1.3566 -1.4172 -1.4757 -1.5322 -1.5865 -1.6385 -1.6881 -1.7352 -1.7798 -1.8218 -1.8610 -1.8976 -1.9312 -1.9620 -1.9899 -2.0147 -2.0365 -2.0552 -2.0708 -2.0833 -2.0925 -2.0985 -2.1013 -2.1009 -2.0971 -2.0902 -2.0800 -2.0665 -2.0498 -2.0298 -2.0067 -1.9803 -1.9509 -1.9183 -1.8827 -1.8440 -1.8024 -1.7578 -1.7104 -1.6603 -1.6074 -1.5518 -1.4937 -1.4331 -1.3702 -1.3049 -1.2374 -1.1678 -1.0962 -1.0227 -0.9474 -0.8704 -0.7918 -0.7119 -0.6305 -0.5480 -0.4644 -0.3797 -0.2942 -0.2080 -0.1213 -0.0339 0.0510 0.1510 
-0.1408 -0.2191 -0.2973 -0.3753 -0.4529 -0.5301 -0.6067 -0.6826 -0.7577 -0.8318 -0.9049 -0.9768 -1.0475 -1.1167 -1.1844 -1.2504 -1.3148 -1.3773 -1.4378 -1.4963 -1.5527 -1.6068 -1.6586 -1.7080 -1.7549 -1.7993 -1.8409 -1.8799 -1.9160 -1.9493 -1.9797 -2.0071 -2.0315 -2.0528 -2.0709 -2.0860 -2.0978 -2.1064 -2.1118 -2.1140 -2.1128 -2.1084 -2.1008 -2.0898 -2.0756 -2.0581 -2.0374 -2.0134 -1.9863 -1.9560 -1.9226 -1.8861 -1.8466 -1.8041 -1.7587 -1.7105 -1.6595 -1.6057 -1.5493 -1.4904 -1.4289 -1.3651 -1.2990 -1.2307 -1.1602 -1.0878 -1.0135 -0.9374 -0.8597 -0.7804 -0.6996 -0.6176 -0.5344 -0.4500 -0.3647 -0.2786 -0.1918 -0.1042 -0.0182 0.0755 
-0.0786 -0.1574 -0.2362 -0.3149 -0.3933 -0.4713 -0.5489 -0.6258 -0.7020 -0.7774 -0.8518 -0.9251 -0.9972 -1.0679 -1.1373 -1.2051 -1.2712 -1.3355 -1.3980 -1.4585 -1.5169 -1.5732 -1.6272 -1.6788 -1.7280 -1.7747 -1.8187 -1.8601 -1.8987 -1.9345 -1.9674 -1.9973 -2.0242 -2.0481 -2.0689 -2.0866 -2.1010 -2.1123 -2.1203 -2.1250 -2.1265 -2.1247 -2.1196 -2.1112 -2.0995 -2.0845 -2.0662 -2.0447 -2.0200 -1.9920 -1.9609 -1.9267 -1.8894 -1.8490 -1.8057 -1.7594 -1.7103 -1.6584 -1.6038 -1.5466 -1.4867 -1.4245 -1.3598 -1.2928 -1.2237 -1.1524 -1.0792 -1.0041 -0.9272 -0.8487 -0.7687 -0.6872 -0.6044 -0.5205 -0.4355 -0.3495 -0.2627 -0.1751 -0.0881 -0.0009 
-0.0158 -0.0950 -0.1743 -0.2535 -0.3326 -0.4114 -0.4899 -0.5678 -0.6451 -0.7216 -0.7972 -0.8719 -0.9454 -1.0176 -1.0886 -1.1580 -1.2258 -1.2920 -1.3564 -1.4188 -1.4793 -1.5376 -1.5938 -1.6476 -1.6990 -1.7480 -1.7944 -1.8382 -1.8792 -1.9175 -1.9529 -1.9854 -2.0149 -2.0413 -2.0647 -2.0850 -2.1021 -2.1159 -2.1266 -2.1340 -2.1381 -2.1389 -2.1364 -2.1306 -2.1214 -2.1090 -2.0932 -2.0742 -2.0519 -2.0263 -1.9976 -1.9656 -1.9306 -1.8924 -1.8512 -1.8070 -1.7599 -1.7099 -1.6572 -1.6017 -1.5436 -1.4829 -1.4198 -1.3542 -1.2864 -1.2165 -1.1444 -1.0703 -0.9944 -0.9168 -0.8375 -0.7567 -0.6745 -0.5910 -0.5064 -0.4207 -0.3341 -0.2465 -0.1586 -0.0782 
0.0477 -0.0318 -0.1115 -0.1913 -0.2710 -0.3506 -0.4298 -0.5086 -0.5869 -0.6645 -0.7413 -0.8172 -0.8921 -0.9658 -1.0382 -1.1093 -1.1788 -1.2467 -1.3129 -1.3773 -1.4397 -1.5001 -1.5583 -1.6143 -1.6680 -1.7193 -1.7680 -1.8141 -1.8576 -1.8983 -1.9362 -1.9712 -2.0033 -2.0323 -2.0583 -2.0812 -2.1009 -2.1175 -2.1308 -2.1408 -2.1476 -2.1510 -2.1511 -2.1479 -2.1414 -2.1315 -2.1183 -2.1018 -2.0820 -2.0588 -2.0325 -2.0029 -1.9701 -1.9342 -1.8952 -1.8531 -1.8081 -1.7601 -1.7093 -1.6556 -1.5993 -1.5403 -1.4788 -1.4148 -1.3484 -1.2798 -1.2090 -1.1361 -1.0612 -0.9845 -0.9061 -0.8260 -0.7445 -0.6616 -0.5774 -0.4920 -0.4057 -0.3184 -0.2296 -0.1561 
0.1117 0.0320 -0.0481 -0.1283 -0.2085 -0.2887 -0.3687 -0.4483 -0.5275 -0.6062 -0.6841 -0.7612 -0.8373 -0.9124 -0.9863 -1.0589 -1.1301 -1.1997 -1.2677 -1.3339 -1.3983 -1.4607 -1.5210 -1.5791 -1.6350 -1.6885 -1.7395 -1.7880 -1.8339 -1.8770 -1.9174 -1.9549 -1.9895 -2.0212 -2.0498 -2.0753 -2.0976 -2.1168 -2.1328 -2.1455 -2.1549 -2.1610 -2.1638 -2.1632 -2.1593 -2.1521 -2.1414 -2.1275 -2.1102 -2.0895 -2.0656 -2.0384 -2.0080 -1.9744 -1.9377 -1.8978 -1.8549 -1.8090 -1.7601 -1.7084 -1.6539 -1.5967 -1.5368 -1.4745 -1.4096 -1.3424 -1.2729 -1.2013 -1.1276 -1.0519 -0.9744 -0.8952 -0.8144 -0.7321 -0.6484 -0.5635 -0.4775 -0.3905 -0.3011 -0.2346 
0.1763 0.0964 0.0161 -0.0645 -0.1452 -0.2260 -0.3066 -0.3870 -0.4671 -0.5466 -0.6256 -0.7038 -0.7812 -0.8576 -0.9329 -1.0070 -1.0797 -1.1510 -1.2207 -1.2888 -1.3550 -1.4193 -1.4817 -1.5419 -1.5999 -1.6556 -1.7089 -1.7597 -1.8080 -1.8536 -1.8964 -1.9364 -1.9736 -2.0078 -2.0390 -2.0671 -2.0921 -2.1140 -2.1326 -2.1480 -2.1601 -2.1689 -2.1743 -2.1764 -2.1752 -2.1706 -2.1626 -2.1512 -2.1364 -2.1184 -2.0969 -2.0722 -2.0442 -2.0130 -1.9785 -1.9409 -1.9002 -1.8564 -1.8096 -1.7599 -1.7073 -1.6519 -1.5938 -1.5331 -1.4699 -1.4042 -1.3361 -1.2658 -1.1933 -1.1188 -1.0423 -0.9640 -0.8840 -0.8024 -0.7194 -0.6350 -0.5494 -0.4628 -0.3728 -0.3135 
0.2413 0.1613 0.0808 -0.0000 -0.0811 -0.1624 -0.2436 -0.3247 -0.4055 -0.4859 -0.5659 -0.6452 -0.7237 -0.8013 -0.8780 -0.9535 -1.0277 -1.1006 -1.1720 -1.2418 -1.3099 -1.3761 -1.4405 -1.5027 -1.5629 -1.6207 -1.6763 -1.7294 -1.7800 -1.8280 -1.8733 -1.9158 -1.9555 -1.9922 -2.0260 -2.0568 -2.0844 -2.1089 -2.1302 -2.1483 -2.1631 -2.1746 -2.1827 -2.1875 -2.1890 -2.1870 -2.1816 -2.1729 -2.1608 -2.1452 -2.1264 -2.1041 -2.0786 -2.0498 -2.0177 -1.9824 -1.9439 -1.9023 -1.8576 -1.8100 -1.7594 -1.7059 -1.6497 -1.5907 -1.5291 -1.4650 -1.3985 -1.3295 -1.2584 -1.1851 -1.1097 -1.0324 -0.9534 -0.8726 -0.7903 -0.7065 -0.6214 -0.5353 -0.4448 -0.3929 
0.3067 0.2267 0.1461 0.0651 -0.0163 -0.0980 -0.1797 -0.2614 -0.3429 -0.4242 -0.5050 -0.5853 -0.6649 -0.7437 -0.8216 -0.8985 -0.9742 -1.0486 -1.1217 -1.1931 -1.2630 -1.3311 -1.3974 -1.4616 -1.5238 -1.5839 -1.6416 -1.6970 -1.7499 -1.8003 -1.8480 -1.8929 -1.9351 -1.9744 -2.0108 -2.0442 -2.0745 -2.1016 -2.1256 -2.1464 -2.1639 -2.1781 -2.1889 -2.1965 -2.2006 -2.2013 -2.1987 -2.1926 -2.1831 -2.1702 -2.1539 -2.1342 -2.1112 -2.0848 -2.0551 -2.0222 -1.9860 -1.9467 -1.9042 -1.8587 -1.8101 -1.7587 -1.7043 -1.6472 -1.5874 -1.5249 -1.4599 -1.3925 -1.3228 -1.2507 -1.1766 -1.1004 -1.0223 -0.9425 -0.8609 -0.7778 -0.6933 -0.6078 -0.5169 -0.4725 
0.3725 0.2925 0.2119 0.1307 0.0491 -0.0329 -0.1150 -0.1972 -0.2794 -0.3613 -0.4430 -0.5242 -0.6048 -0.6848 -0.7639 -0.8421 -0.9192 -0.9951 -1.0696 -1.1428 -1.2144 -1.2843 -1.3524 -1.4187 -1.4829 -1.5450 -1.6049 -1.6625 -1.7177 -1.7704 -1.8205 -1.8679 -1.9126 -1.9545 -1.9934 -2.0294 -2.0623 -2.0921 -2.1188 -2.1422 -2.1624 -2.1794 -2.1930 -2.2032 -2.2101 -2.2135 -2.2135 -2.2102 -2.2033 -2.1931 -2.1794 -2.1623 -2.1418 -2.1180 -2.0908 -2.0602 -2.0265 -1.9894 -1.9492 -1.9059 -1.8595 -1.8101 -1.7577 -1.7025 -1.6445 -1.5838 -1.5205 -1.4546 -1.3863 -1.3157 -1.2429 -1.1679 -1.0909 -1.0120 -0.9313 -0.8490 -0.7652 -0.6803 -0.5891 -0.5523 
0.4384 0.3587 0.2781 0.1969 0.1151 0.0329 -0.0496 -0.1322 -0.2149 -0.2976 -0.3800 -0.4620 -0.5436 -0.6246 -0.7048 -0.7842 -0.8626 -0.9399 -1.0160 -1.0908 -1.1640 -1.2357 -1.3056 -1.3738 -1.4400 -1.5042 -1.5662 -1.6260 -1.6835 -1.7385 -1.7909 -1.8408 -1.8879 -1.9323 -1.9738 -2.0123 -2.0478 -2.0803 -2.1097 -2.1358 -2.1588 -2.1784 -2.1947 -2.2077 -2.2173 -2.2235 -2.2263 -2.2256 -2.2215 -2.2139 -2.2029 -2.1885 -2.1706 -2.1493 -2.1246 -2.0965 -2.0652 -2.0305 -1.9926 -1.9516 -1.9074 -1.8601 -1.8098 -1.7565 -1.7004 -1.6416 -1.5800 -1.5158 -1.4490 -1.3799 -1.3084 -1.2347 -1.1589 -1.0811 -1.0014 -0.9200 -0.8368 -0.7527 -0.6613 -0.6322 
0.5046 0.4251 0.3447 0.2635 0.1816 0.0993 0.0165 -0.0665 -0.1497 -0.2328 -0.3159 -0.3987 -0.4812 -0.5631 -0.6445 -0.7250 -0.8047 -0.8833 -0.9609 -1.0371 -1.1120 -1.1853 -1.2571 -1.3271 -1.3952 -1.4614 -1.5255 -1.5875 -1.6471 -1.7044 -1.7592 -1.8115 -1.8610 -1.9079 -1.9519 -1.9930 -2.0312 -2.0663 -2.0983 -2.1272 -2.1528 -2.1752 -2.1943 -2.2100 -2.2224 -2.2313 -2.2368 -2.2389 -2.2375 -2.2327 -2.2244 -2.2126 -2.1973 -2.1786 -2.1565 -2.1310 -2.1021 -2.0699 -2.0344 -1.9956 -1.9537 -1.9086 -1.8604 -1.8092 -1.7551 -1.6981 -1.6384 -1.5759 -1.5108 -1.4432 -1.3732 -1.3009 -1.2263 -1.1497 -1.0711 -0.9906 -0.9083 -0.8250 -0.7334 -0.7122 
0.5709 0.4917 0.4115 0.3304 0.2486 0.1662 0.0833 -0.0001 -0.0836 -0.1673 -0.2510 -0.3345 -0.4177 -0.5006 -0.5829 -0.6645 -0.7454 -0.8253 -0.9042 -0.9819 -1.0583 -1.1333 -1.2068 -1.2786 -1.3486 -1.4168 -1.4829 -1.5470 -1.6088 -1.6683 -1.7254 -1.7800 -1.8320 -1.8813 -1.9278 -1.9715 -2.0122 -2.0500 -2.0847 -2.1162 -2.1446 -2.1697 -2.1915 -2.2100 -2.2252 -2.2369 -2.2452 -2.2500 -2.2514 -2.2493 -2.2437 -2.2346 -2.2221 -2.2060 -2.1865 -2.1636 -2.1372 -2.1075 -2.0744 -2.0380 -1.9984 -1.9556 -1.9096 -1.8605 -1.8085 -1.7534 -1.6956 -1.6349 -1.5716 -1.5056 -1.4371 -1.3663 -1.2931 -1.2177 -1.1402 -1.0608 -0.9794 -0.8971 -0.8054 -0.7920 
0.6372 0.5584 0.4785 0.3977 0.3160 0.2336 0.1505 0.0670 -0.0169 -0.1009 -0.1851 -0.2692 -0.3532 -0.4369 -0.5201 -0.6027 -0.6847 -0.7658 -0.8460 -0.9251 -1.0031 -1.0796 -1.1548 -1.2283 -1.3002 -1.3702 -1.4384 -1.5045 -1.5684 -1.6301 -1.6895 -1.7464 -1.8008 -1.8525 -1.9015 -1.9477 -1.9911 -2.0314 -2.0688 -2.1030 -2.1341 -2.1619 -2.1865 -2.2078 -2.2257 -2.2402 -2.2513 -2.2589 -2.2631 -2.2638 -2.2609 -2.2546 -2.2447 -2.2314 -2.2145 -2.1942 -2.1704 -2.1432 -2.1126 -2.0787 -2.0415 -2.0009 -1.9572 -1.9104 -1.8604 -1.8074 -1.7515 -1.6928 -1.6312 -1.5670 -1.5001 -1.4308 -1.3591 -1.2850 -1.2088 -1.1305 -1.0502 -0.9689 -0.8772 -0.8717 
0.7035 0.6252 0.5457 0.4652 0.3837 0.3013 0.2183 0.1346 0.0505 -0.0339 -0.1185 -0.2031 -0.2877 -0.3721 -0.4562 -0.5398 -0.6228 -0.7051 -0.7865 -0.8669 -0.9462 -1.0243 -1.1011 -1.1763 -1.2499 -1.3218 -1.3919 -1.4600 -1.5261 -1.5899 -1.6515 -1.7107 -1.7674 -1.8216 -1.8730 -1.9218 -1.9676 -2.0106 -2.0506 -2.0875 -2.1213 -2.1518 -2.1792 -2.2032 -2.2239 -2.2412 -2.2551 -2.2656 -2.2725 -2.2760 -2.2759 -2.2724 -2.2653 -2.2546 -2.2405 -2.2228 -2.2017 -2.1771 -2.1490 -2.1176 -2.0828 -2.0447 -2.0033 -1.9587 -1.9109 -1.8600 -1.8062 -1.7494 -1.6897 -1.6273 -1.5621 -1.4944 -1.4242 -1.3516 -1.2767 -1.1997 -1.1205 -1.0402 -0.9487 -0.9512 
0.7696 0.6920 0.6130 0.5328 0.4516 0.3694 0.2864 0.2027 0.1185 0.0339 -0.0511 -0.1362 -0.2213 -0.3064 -0.3912 -0.4757 -0.5596 -0.6430 -0.7256 -0.8073 -0.8879 -0.9675 -1.0457 -1.1226 -1.1979 -1.2716 -1.3436 -1.4137 -1.4817 -1.5477 -1.6115 -1.6729 -1.7319 -1.7885 -1.8424 -1.8936 -1.9420 -1.9875 -2.0301 -2.0697 -2.1061 -2.1395 -2.1696 -2.1964 -2.2199 -2.2400 -2.2567 -2.2699 -2.2797 -2.2860 -2.2888 -2.2880 -2.2837 -2.2758 -2.2644 -2.2494 -2.2310 -2.2090 -2.1835 -2.1546 -2.1223 -2.0866 -2.0476 -2.0053 -1.9598 -1.9112 -1.8594 -1.8047 -1.7470 -1.6864 -1.6231 -1.5571 -1.4885 -1.4174 -1.3439 -1.2682 -1.1902 -1.1112 -1.0198 -1.0305 
0.8357 0.7586 0.6802 0.6005 0.5196 0.4377 0.3549 0.2713 0.1870 0.1022 0.0170 -0.0685 -0.1541 -0.2397 -0.3252 -0.4105 -0.4953 -0.5797 -0.6633 -0.7462 -0.8282 -0.9091 -0.9888 -1.0672 -1.1442 -1.2197 -1.2935 -1.3654 -1.4355 -1.5035 -1.5694 -1.6331 -1.6944 -1.7532 -1.8095 -1.8632 -1.9141 -1.9622 -2.0074 -2.0496 -2.0887 -2.1248 -2.1576 -2.1872 -2.2135 -2.2364 -2.2559 -2.2720 -2.2846 -2.2938 -2.2993 -2.3014 -2.2999 -2.2948 -2.2862 -2.2740 -2.2582 -2.2389 -2.2161 -2.1898 -2.1600 -2.1269 -2.0903 -2.0504 -2.0072 -1.9608 -1.9112 -1.8586 -1.8029 -1.7443 -1.6829 -1.6186 -1.5517 -1.4823 -1.4103 -1.3360 -1.2593 -1.1816 -1.0905 -1.1093 
0.9014 0.8251 0.7474 0.6682 0.5878 0.5062 0.4237 0.3402 0.2559 0.1711 0.0857 -0.0001 -0.0861 -0.1722 -0.2583 -0.3443 -0.4299 -0.5152 -0.5999 -0.6838 -0.7670 -0.8492 -0.9304 -1.0103 -1.0889 -1.1660 -1.2415 -1.3153 -1.3873 -1.4574 -1.5254 -1.5912 -1.6547 -1.7158 -1.7745 -1.8306 -1.8840 -1.9346 -1.9824 -2.0272 -2.0690 -2.1077 -2.1433 -2.1757 -2.2047 -2.2305 -2.2528 -2.2718 -2.2872 -2.2992 -2.3076 -2.3125 -2.3139 -2.3116 -2.3058 -2.2964 -2.2834 -2.2668 -2.2467 -2.2230 -2.1959 -2.1652 -2.1312 -2.0937 -2.0529 -2.0088 -1.9615 -1.9111 -1.8575 -1.8009 -1.7414 -1.6791 -1.6140 -1.5462 -1.4758 -1.4030 -1.3277 -1.2513 -1.1607 -1.1876 
0.9669 0.8914 0.8144 0.7359 0.6560 0.5749 0.4926 0.4094 0.3252 0.2404 0.1549 0.0689 -0.0174 -0.1039 -0.1905 -0.2771 -0.3635 -0.4496 -0.5352 -0.6202 -0.7045 -0.7880 -0.8704 -0.9518 -1.0319 -1.1106 -1.1879 -1.2635 -1.3373 -1.4093 -1.4793 -1.5473 -1.6130 -1.6764 -1.7374 -1.7958 -1.8516 -1.9048 -1.9551 -2.0025 -2.0470 -2.0884 -2.1267 -2.1618 -2.1937 -2.2222 -2.2474 -2.2692 -2.2875 -2.3023 -2.3136 -2.3214 -2.3256 -2.3262 -2.3232 -2.3166 -2.3064 -2.2926 -2.2752 -2.2542 -2.2297 -2.2017 -2.1702 -2.1352 -2.0969 -2.0552 -2.0102 -1.9620 -1.9107 -1.8562 -1.7987 -1.7383 -1.6750 -1.6090 -1.5403 -1.4691 -1.3953 -1.3204 -1.2302 -1.2654 
1.0319 0.9574 0.8812 0.8034 0.7241 0.6435 0.5617 0.4788 0.3948 0.3101 0.2246 0.1385 0.0520 -0.0349 -0.1219 -0.2090 -0.2961 -0.3829 -0.4694 -0.5554 -0.6407 -0.7253 -0.8091 -0.8918 -0.9733 -1.0536 -1.1325 -1.2098 -1.2855 -1.3594 -1.4314 -1.5014 -1.5692 -1.6348 -1.6981 -1.7589 -1.8171 -1.8727 -1.9256 -1.9756 -2.0227 -2.0667 -2.1078 -2.1456 -2.1802 -2.2116 -2.2396 -2.2642 -2.2854 -2.3031 -2.3173 -2.3280 -2.3350 -2.3385 -2.3384 -2.3346 -2.3272 -2.3162 -2.3016 -2.2834 -2.2616 -2.2362 -2.2073 -2.1749 -2.1391 -2.0999 -2.0573 -2.0114 -1.9623 -1.9100 -1.8546 -1.7962 -1.7349 -1.6707 -1.6038 -1.5343 -1.4620 -1.3887 -1.2991 -1.3426 
1.0965 1.0230 0.9477 0.8707 0.7922 0.7122 0.6308 0.5483 0.4647 0.3801 0.2947 0.2086 0.1219 0.0348 -0.0526 -0.1401 -0.2277 -0.3152 -0.4025 -0.4893 -0.5757 -0.6614 -0.7463 -0.8303 -0.9132 -0.9950 -1.0754 -1.1544 -1.2319 -1.3076 -1.3815 -1.4535 -1.5235 -1.5912 -1.6567 -1.7198 -1.7804 -1.8385 -1.8938 -1.9464 -1.9960 -2.0428 -2.0865 -2.1271 -2.1645 -2.1986 -2.2294 -2.2569 -2.2810 -2.3016 -2.3186 -2.3322 -2.3421 -2.3485 -2.3513 -2.3504 -2.3458 -2.3377 -2.3259 -2.3104 -2.2914 -2.2687 -2.2425 -2.2127 -2.1795 -2.1428 -2.1026 -2.0591 -2.0123 -1.9623 -1.9091 -1.8528 -1.7935 -1.7313 -1.6662 -1.5984 -1.5278 -1.4561 -1.3673 -1.4190 
